cmd: ./a
events: Ir
fl=./csu/../csu/libc-start.c
fn=__libc_start_main@@GLIBC_2.34
128 2
134 3
135 7
138 1
139 2
142 3
143 2
144 16
145 8
242 12
343 3
344 3
369 6
372 2
375 2
382 2
384 2
392 4
fl=./csu/../sysdeps/nptl/libc_start_call_main.h
fn=(below main)
29 9
44 3
46 2
51 2
52 2
55 2
58 7
74 1
fl=./csu/./csu/init-first.c
fn=_init_first
46 4
51 2
55 5
61 1
62 1
63 2
71 2
72 2
fl=./ctype/./ctype/ctype-info.c
fn=__ctype_init
29 1
31 7
33 4
35 4
36 1
fl=./elf/../bits/stdlib-bsearch.h
fn=intel_check_word.constprop.0
27 102
28 51
29 971
31 690
32 345
37 63
fl=./elf/../elf/dl-sysdep.c
fn=_dl_sysdep_start
85 10
86 1
87 1
109 1
110 312
113 2
114 1
119 1
121 132
122 113
125 1
126 1
128 1
131 2
132 1
134 2
135 1
150 2
151 1
153 2
154 1
156 2
157 1
162 2
163 1
178 2
179 1
224 1
227 1
238 3
239 2
241 5
253 3
256 5
258 9
fn=_dl_sysdep_start_cleanup
262 1
263 1
fl=./elf/../elf/dl-tls.c
fn=_dl_add_to_slotinfo
1015 16
1021 2
1024 2
1025 2
1029 6
1063 4
1066 6
1067 6
1070 12
fn=_dl_allocate_tls_init
528 10
529 2
533 2
535 1
536 1
539 2
542 3
554 1
559 23
565 6
568 6
569 4
575 6
576 4
578 15
581 4
582 4
585 4
586 8
588 4
589 4
598 2
606 4
608 16
614 2
620 2
623 2
626 9
fn=_dl_allocate_tls_storage
370 1
374 1
375 1
376 2
379 1
385 2
422 4
424 1
435 1
436 1
437 3
445 4
446 1
450 321
469 1
475 5
fn=_dl_assign_tls_modid
131 4
134 4
147 2
186 2
188 2
191 2
192 4
fn=_dl_count_modids
197 1
199 2
200 1
215 2
fn=_dl_determine_tlsoffset
221 8
222 1
223 1
224 1
227 3
230 2
264 1
266 16
268 7
270 6
271 4
273 4
275 10
286 2
291 16
293 4
294 2
306 1
307 9
309 2
360 8
fn=_dl_tls_static_surplus_init
83 3
97 6
101 6
102 6
108 2
110 4
113 1
115 1
117 3
118 5
fl=./elf/../include/list.h
fn=__tls_init_tp
43 2
44 2
45 1
47 1
fl=./elf/../include/rtld-malloc.h
fn=__minimal_calloc
56 17
fn=_dl_allocate_tls_storage
44 2
56 1
fn=_dl_check_map_versions
44 18
fn=_dl_find_object_init
56 2
fn=_dl_important_hwcaps
56 3
fn=_dl_init_paths
56 3
fn=_dl_map_object_deps
56 12
fn=_dl_new_object
44 24
56 15
fn=do_lookup_x
44 12
fn=init_tls
44 2
fn=open_verify.constprop.0
50 8
fn=open_verify.constprop.1
50 2
fl=./elf/../include/scratch_buffer.h
fn=_dl_map_object_deps
77 3
78 1
85 3
131 15
fl=./elf/../misc/sbrk.c
fn=sbrk
37 5
40 1
58 2
62 2
78 5
fl=./elf/../nptl/nptl-stack.h
fn=__libc_early_init
58 8
fl=./elf/../sysdeps/generic/dl-cache.h
fn=_dl_load_cache_lookup
125 20
194 1
195 5
fl=./elf/../sysdeps/generic/dl-debug.h
fn=dl_main
29 3
30 2
fl=./elf/../sysdeps/generic/dl-hash.h
fn=__rtld_malloc_init_real
43 1
44 1
45 19
48 18
62 24
67 1
72 1
fl=./elf/../sysdeps/generic/dl-protected.h
fn=do_lookup_x
29 4332
44 15267
fl=./elf/../sysdeps/generic/ldsodefs.h
fn=_dl_relocate_object
138 10164
fn=_dl_start
80 3
fn=do_lookup_x
137 4332
138 6498
fl=./elf/../sysdeps/nptl/dl-mutex.c
fn=__rtld_mutex_init
30 4
37 1
40 7
44 2
45 9
47 6
51 2
52 7
53 4
fl=./elf/../sysdeps/nptl/dl-tls_init_tp.c
fn=__tls_init_tp
68 3
69 1
72 1
75 4
76 2
77 1
82 2
87 4
90 1
93 3
106 4
123 3
130 2
132 1
133 1
134 3
fn=__tls_pre_init_tp
53 3
56 10
61 2
62 1
64 1
fn=rtld_mutex_dummy
42 258
44 516
fl=./elf/../sysdeps/nptl/pthread_early_init.h
fn=__libc_early_init
33 6
34 6
45 2
46 1
52 7
53 1
54 1
57 1
fl=./elf/../sysdeps/posix/dl-fileid.h
fn=_dl_map_object_from_fd
37 25
40 20
49 58
fl=./elf/../sysdeps/unix/sysv/linux/brk.c
fn=brk
35 1
36 3
37 2
43 1
44 1
fl=./elf/../sysdeps/unix/sysv/linux/dl-osinfo.h
fn=dl_main
64 2
fl=./elf/../sysdeps/unix/sysv/linux/dl-sysdep.c
fn=_dl_discover_osversion
46 5
48 3
88 4
103 1
107 1
108 1
110 12
112 6
114 12
120 3
121 3
122 3
124 13
129 2
133 5
fn=_dl_sysdep_start
36 2
fl=./elf/../sysdeps/unix/sysv/linux/dl-vdso-setup.h
fn=dl_main
30 3
33 1
36 1
39 1
45 1
fl=./elf/../sysdeps/unix/sysv/linux/dl-vdso.h
fn=dl_main
40 1
41 2
55 2
fl=./elf/../sysdeps/unix/sysv/linux/rseq-internal.h
fn=__tls_init_tp
32 3
34 7
37 2
40 1
fl=./elf/../sysdeps/unix/sysv/linux/x86/cpu-features.c
fn=init_cpu_features.constprop.0
27 6
fl=./elf/../sysdeps/unix/sysv/linux/x86/dl-minsigstacksize.h
fn=get_common_indices.constprop.0
24 2
27 2
28 2
65 3
72 1
74 1
fl=./elf/../sysdeps/x86/cpu-features.c
fn=get_common_indices.constprop.0
325 1
329 4
332 5
336 1
337 4
338 4
339 4
340 3
341 2
348 2
350 9
355 8
362 2
363 7
369 2
384 2
fn=init_cpu_features.constprop.0
303 3
304 2
305 6
310 2
311 6
316 2
317 6
399 7
402 1
403 1
404 1
415 3
418 6
419 1
422 2
424 6
429 1
431 3
433 4
434 15
489 3
503 1
513 11
516 1
555 1
556 1
564 2
571 2
573 1
577 2
583 2
593 1
687 5
688 1
691 2
692 1
698 1
699 1
701 1
706 4
710 3
723 2
724 4
770 1
771 2
775 3
792 2
793 2
795 3
796 2
798 3
799 2
802 2
817 4
819 4
829 2
874 8
fn=update_active.constprop.0
43 7
47 1
55 3
56 3
57 1
65 4
66 1
74 4
75 1
76 3
80 4
83 3
84 1
87 3
88 2
92 8
93 3
94 3
95 1
97 4
98 3
100 2
101 4
104 4
105 4
109 2
113 2
115 4
119 2
121 1
124 2
126 2
130 1
131 1
134 4
140 4
142 4
144 3
149 4
198 3
210 2
211 1
214 4
218 2
222 3
223 2
225 1
226 1
229 2
231 1
234 2
285 3
289 3
296 1
297 8
fl=./elf/../sysdeps/x86/dl-cacheinfo.h
fn=get_common_cache_info.constprop.0
481 9
496 1
497 1
498 2
499 1
505 1
507 8
510 4
521 1
526 3
530 2
535 6
538 23
545 8
548 26
553 2
557 3
558 1
562 6
566 3
569 4
570 1
575 4
581 4
589 7
591 2
593 5
595 12
597 1
598 1
599 9
601 4
604 2
609 1
611 5
612 3
613 1
616 2
619 2
626 1
628 4
629 1
634 2
639 2
640 1
641 2
642 3
643 2
681 4
682 5
686 2
693 1
694 1
695 7
fn=handle_intel.constprop.0
250 96
255 24
261 24
263 12
264 36
266 15
272 60
277 24
279 24
280 12
284 48
286 24
289 60
291 24
294 5
296 2
299 5
301 2
305 3
310 96
fn=init_cpu_features.constprop.0
706 1
708 1
722 2
724 5
725 3
726 4
729 3
731 3
732 1
734 3
736 3
737 1
739 3
741 3
744 3
746 3
748 3
750 4
840 18
863 15
885 2
886 1
893 11
910 4
923 4
931 5
933 2
936 5
938 4
941 5
942 5
946 6
947 3
953 8
956 15
957 9
958 12
961 8
963 8
967 7
970 1
fn=intel_check_word.constprop.0
110 690
113 345
119 104
123 78
125 15
129 156
131 154
133 63
135 126
143 126
152 54
155 120
158 99
162 64
164 186
166 84
168 44
169 32
170 10
172 11
174 22
176 12
177 16
178 12
179 20
180 14
181 12
183 8
184 12
187 21
194 204
202 200
216 51
246 104
fl=./elf/../sysdeps/x86/dl-cet.c
fn=_dl_cet_check
41 2
42 1
44 1
45 1
48 4
49 2
51 1
62 2
252 8
254 8
fl=./elf/../sysdeps/x86/dl-get-cpu-features.c
fn=__x86_cpu_features
39 3
71 3
fn=_dl_x86_init_cpu_features
37 1
39 3
41 1
fl=./elf/../sysdeps/x86/dl-hwcap.h
fn=_dl_important_hwcaps
57 3
fl=./elf/../sysdeps/x86/dl-procinfo.h
fn=_dl_load_cache_lookup
39 8
42 28
fl=./elf/../sysdeps/x86/dl-prop.h
fn=_dl_map_object_from_fd
95 36
100 4
101 8
102 4
103 4
105 28
108 12
109 8
110 8
114 12
118 12
121 12
122 8
126 4
127 16
131 16
132 6
135 12
138 6
139 24
144 12
146 24
151 12
164 12
165 14
166 4
170 6
185 12
187 16
192 4
193 16
198 16
200 16
201 4
203 4
212 12
213 4
fn=dl_main
36 1
37 24
40 8
49 47
53 39
71 3
95 8
100 1
101 2
102 1
103 1
105 9
108 3
109 2
110 2
114 3
118 3
121 3
122 2
126 1
127 4
131 6
132 2
135 4
138 2
139 8
144 4
146 8
151 4
164 4
165 4
166 2
170 3
185 3
187 4
192 1
193 4
198 4
200 4
201 1
203 2
212 5
213 2
fl=./elf/../sysdeps/x86/get-isa-level.h
fn=_dl_hwcaps_subdirs_active
30 2
31 3
32 3
36 3
39 4
40 4
45 4
48 2
49 3
51 4
fn=update_active.constprop.0
28 1
30 2
31 2
32 3
36 3
38 1
39 3
40 4
45 4
47 1
48 2
49 3
51 4
52 2
fl=./elf/../sysdeps/x86_64/dl-hwcaps-subdirs.c
fn=_dl_hwcaps_subdirs_active
29 1
38 3
43 1
52 1
fl=./elf/../sysdeps/x86_64/dl-machine.h
fn=_dl_fixup
229 77
fn=_dl_relocate_object
71 24
77 16
81 12
87 4
95 12
115 8
117 8
119 20
262 6810
283 6810
287 6810
294 141508
296 27130
299 13547
300 4
301 10
304 4
305 6
316 6
323 8
326 20430
360 6
361 9
368 6
370 4
379 4
422 54
426 72
431 54
440 36
450 10140
474 28
484 18
507 4
508 6
509 2
510 4
529 6327
530 2109
534 4218
535 4218
545 2346
549 2232
552 3348
553 1116
579 114
581 57
582 57
fn=_dl_start
45 1
71 1
287 21
296 70
299 14
326 47
346 12
347 6
414 1
534 284
535 426
fn=_dl_sysdep_start
215 1
fl=./elf/../sysdeps/x86_64/dl-runtime.h
fn=_dl_fixup
28 77
fl=./elf/../sysdeps/x86_64/dl-trampoline.h
fn=_dl_runtime_resolve_xsave
67 77
72 77
75 77
77 77
87 77
93 77
94 77
95 77
96 77
97 77
98 77
99 77
103 77
104 77
107 77
108 77
110 77
111 77
112 77
113 77
114 77
115 77
117 77
124 77
125 77
126 77
127 77
132 77
133 77
134 77
136 77
137 77
138 77
139 77
140 77
141 77
142 77
144 77
146 77
150 77
152 77
fl=./elf/../sysdeps/x86_64/tls_get_addr.S
fn=__tls_get_addr
29 2
30 2
31 2
33 2
34 2
35 2
38 2
39 2
43 2
44 2
45 2
46 2
fl=./elf/./dl-find_object.h
fn=_dl_find_object_from_map
95 14
96 14
97 7
103 35
104 188
105 130
107 21
112 7
fl=./elf/./dl-hwcaps.h
fn=_dl_important_hwcaps
54 12
56 8
57 1
88 9
89 8
90 6
fl=./elf/./dl-load.h
fn=_dl_map_object_from_fd
91 36
92 15
94 36
95 20
96 24
97 16
99 16
fl=./elf/./dl-main.h
fn=dl_main
109 5
fl=./elf/./dl-map-segments.h
fn=_dl_map_object_from_fd
28 15
29 36
36 5
37 7
41 2
44 4
45 8
46 2
49 4
55 3
56 7
58 6
59 2
60 2
61 3
96 10
102 5
103 13
106 15
107 10
109 10
116 16
119 14
126 5
128 5
136 90
138 52
140 143
141 13
150 72
156 5
157 5
158 25
159 10
166 10
169 10
177 35
178 10
183 10
187 16
190 4
195 18
fl=./elf/./dl-sym-post.h
fn=lookup_malloc_symbol
41 8
53 12
fl=./elf/./dl-tunable-types.h
fn=__GI___tunable_set_val
90 10
fl=./elf/./elf/dl-audit.c
fn=_dl_audit_activity_map
28 6
29 1
30 3
36 6
fn=_dl_audit_activity_nsid
40 18
44 12
45 3
46 12
50 18
fn=_dl_audit_objclose
96 7
97 28
fn=_dl_audit_objopen
76 5
77 20
fn=_dl_audit_preinit
117 1
118 4
fl=./elf/./elf/dl-cache.c
fn=_dl_cache_libcmp
370 129
371 509
373 687
375 237
381 12
382 12
383 202
385 202
387 8
393 450
395 450
396 117
399 186
400 186
403 55
fn=_dl_load_cache_lookup
194 78
208 4
212 32
218 48
219 8
221 20
228 94
230 137
231 78
235 78
239 117
240 78
248 16
250 8
253 8
255 24
257 4
267 8
277 8
278 12
294 8
303 8
306 8
308 12
309 8
314 24
315 16
322 8
343 16
359 35
360 17
362 36
416 40
418 8
421 12
424 5
432 5
433 8
436 7
437 1
444 1
445 2
490 9
495 12
498 12
513 8
525 72
526 16
527 4
528 32
fn=_dl_unload_cache
537 2
538 4
540 2
541 1
545 1
547 2
fl=./elf/./elf/dl-call-libc-early-init.c
fn=_dl_call_libc_early_init
27 4
29 2
33 7
37 2
39 4
40 2
41 3
fl=./elf/./elf/dl-debug.c
fn=_dl_debug_initialize
56 1
57 1
59 2
61 1
63 3
64 2
85 2
90 3
91 2
92 1
95 2
96 6
99 2
107 2
fn=_dl_debug_state
116 2
117 2
fn=_dl_debug_update
38 6
40 12
41 6
44 12
48 6
fl=./elf/./elf/dl-deps.c
fn=_dl_map_object_deps
144 6
145 8
146 5
148 3
152 8
159 15
160 22
176 7
177 1
180 1
198 2
199 3
200 2
202 1
204 19
206 7
209 7
213 28
214 46
217 15
221 15
224 22
226 25
231 10
232 5
233 10
237 574
238 277
244 99
246 11
248 44
249 22
258 11
260 22
265 35
268 5
269 5
270 5
271 10
273 5
275 25
279 33
280 24
282 375
298 1
380 12
433 21
435 15
438 10
439 10
445 5
446 25
447 25
450 5
451 5
455 28
457 7
458 32
464 6
465 1
468 4
479 3
481 2
486 5
487 1
488 9
490 27
494 7
499 14
501 15
506 7
509 2
560 2
561 3
598 3
599 2
602 1
613 5
618 8
619 4
623 1
625 1
626 1
627 2
634 3
637 3
640 8
fn=openaux
61 33
64 121
65 11
68 11
69 22
fl=./elf/./elf/dl-environ.c
fn=_dl_next_ld_env_entry
28 2
29 2
32 304
34 200
35 38
37 1
40 2
42 1
45 99
49 1
fl=./elf/./elf/dl-error-skeleton.c
fn=_dl_catch_error
225 10
227 2
228 2
229 2
230 2
232 5
fn=_dl_catch_exception
175 72
178 24
180 24
199 12
200 24
203 24
206 84
208 36
209 24
210 48
219 48
fn=_dl_receive_error
238 6
239 1
240 1
243 1
244 1
246 1
248 1
249 1
250 4
fl=./elf/./elf/dl-find_object.c
fn=_dl_find_object_init
561 4
564 1
566 2
567 3
579 2
580 3
582 2
585 2
590 1
591 1
594 3
596 2
599 6
601 1
604 4
fn=_dlfo_process_initial
474 4
475 2
477 2
478 4
504 24
505 34
506 14
508 52
511 48
513 36
515 12
516 12
517 24
529 2
531 8
fn=_dlfo_sort_mappings
536 1
537 2
540 24
544 10
545 70
546 87
553 20
554 25
555 10
557 1
fl=./elf/./elf/dl-fini.c
fn=_dl_fini
31 9
48 7
51 7
54 2
56 1
59 2
61 6
66 1
68 3
73 17
78 25
80 14
82 14
84 14
85 7
86 7
90 7
92 6
93 6
99 5
108 2
113 27
115 7
117 21
120 14
123 21
124 6
127 10
138 20
139 5
140 10
141 50
142 10
146 15
147 15
153 14
158 7
162 5
168 6
174 2
181 8
fl=./elf/./elf/dl-hwcaps.c
fn=_dl_important_hwcaps
55 12
57 1
58 3
59 1
80 12
82 1
83 9
87 1
89 3
90 1
91 1
103 6
105 2
108 3
111 1
115 4
128 8
130 7
131 4
132 1
133 1
136 2
145 5
175 14
176 7
178 2
179 4
204 2
205 3
215 3
216 6
220 19
221 6
222 4
225 3
228 21
230 9
231 4
233 6
234 2
235 6
236 2
238 3
240 4
241 2
242 1
245 5
246 1
249 2
252 3
253 5
256 8
257 3
259 2
260 8
261 4
262 4
272 4
276 10
282 2
283 2
291 3
304 2
306 1
315 2
328 1
331 2
338 1
341 2
344 14
347 17
348 17
349 5
352 12
354 5
359 34
360 8
364 23
367 48
368 72
369 48
371 9
374 3
375 2
376 15
378 6
379 2
381 1
382 7
389 22
390 4
392 8
395 4
401 9
fl=./elf/./elf/dl-hwcaps_split.c
fn=_dl_hwcaps_contains
66 3
67 6
68 3
77 3
fn=_dl_hwcaps_split
25 4
26 3
27 1
47 4
fn=_dl_hwcaps_split_masked
26 42
30 24
34 72
35 12
36 24
41 27
42 18
43 9
45 6
51 40
55 5
56 18
57 27
58 36
62 32
fl=./elf/./elf/dl-init.c
fn=_dl_init
31 48
33 44
77 12
78 1
79 1
82 3
85 2
90 2
115 1
116 26
117 14
123 8
fn=call_init.part.0
26 63
39 21
42 21
43 2
47 12
55 18
56 24
59 6
60 12
66 15
68 10
69 109
70 84
72 42
fl=./elf/./elf/dl-load.c
fn=_dl_dst_count
238 66
241 22
244 22
245 11
264 77
fn=_dl_init_paths
706 13
720 4
725 1
727 2
734 5
735 2
739 4
741 4
747 1
748 1
756 8
758 8
759 4
761 5
762 7
763 7
766 9
767 10
768 18
770 26
776 1
777 1
782 1
785 3
787 4
789 3
806 1
808 3
822 2
825 3
856 1
857 8
fn=_dl_map_object
682 39
685 4
688 6
691 2
692 2
696 20
2022 120
2024 5
2030 24
2031 48
2034 222
2039 343
2041 245
2045 84
2046 126
2049 110
2050 66
2051 88
2068 35
2069 15
2077 15
2092 5
2094 25
2098 16
2100 8
2107 16
2111 8
2112 4
2116 15
2117 5
2131 20
2132 40
2133 4
2142 8
2157 12
2164 8
2165 4
2173 4
2187 8
2189 12
2193 12
2195 8
2199 8
2207 12
2230 28
2234 12
2235 8
2252 8
2258 1
2259 4
2260 2
2261 3
2265 6
2268 3
2280 20
2282 16
2326 10
2327 75
2329 108
fn=_dl_map_object_from_fd
944 70
954 15
961 20
975 1
999 95
1000 40
1018 10
1046 20
1056 10
1063 40
1064 10
1075 15
1076 20
1077 10
1079 15
1080 20
1081 8
1084 17
1085 6
1096 10
1098 5
1100 110
1101 5
1102 5
1103 5
1104 5
1110 190
1111 466
1117 10
1124 12
1125 15
1126 50
1131 2
1132 1
1137 123
1145 36
1146 136
1147 54
1148 54
1149 36
1151 126
1153 36
1157 36
1158 65
1162 36
1163 144
1173 18
1176 6
1180 8
1181 2
1185 10
1186 4
1189 2
1194 8
1195 10
1201 25
1209 10
1210 5
1213 20
1218 15
1228 82
1229 36
1235 10
1245 20
1252 35
1268 20
1269 15
1275 18
1276 10
1278 10
1288 15
1307 15
1309 25
1361 15
1362 4
1368 170
1369 257
1375 71
1380 20
1393 10
1395 20
1397 10
1413 10
1417 10
1418 10
1435 10
1436 1
1439 10
1444 10
1454 10
1461 30
1462 12
1463 27
1464 9
1465 5
1471 10
1472 8
1477 4
1484 15
1487 20
1506 22
1510 35
1511 20
1515 45
fn=_dl_process_pt_gnu_property
868 10
869 10
870 5
876 10
882 25
885 15
886 10
887 10
930 5
fn=expand_dynamic_string_token
241 3
244 2
385 9
399 2
410 7
fn=open_verify.constprop.0
1568 44
1607 12
1626 20
1628 8
1633 4
1639 4
1640 4
1645 40
1647 8
1649 8
1651 8
1657 8
1674 65
1748 8
1753 8
1755 16
1761 8
1767 20
1768 16
1769 6
1772 16
1773 9
1789 243
1790 102
1791 32
1795 32
1796 18
1801 4
1802 32
1812 28
1820 72
1822 8
1823 72
1826 24
1831 2
1832 16
1835 4
1838 6
1839 10
1840 4
1841 6
1842 6
1856 36
fn=open_verify.constprop.1
1568 11
1607 3
1626 5
1628 2
1633 1
1639 1
1640 1
1645 10
1647 2
1649 2
1651 2
1657 2
1674 14
1748 2
1753 2
1755 4
1761 2
1767 5
1768 4
1769 2
1789 46
1790 17
1791 4
1795 4
1796 3
1820 9
1822 1
1823 9
1826 3
1832 2
1856 9
fl=./elf/./elf/dl-lookup-direct.c
fn=_dl_lookup_direct
32 15
33 9
35 6
36 6
48 12
51 6
53 18
57 9
58 21
59 15
74 36
76 6
78 21
79 6
81 12
84 25
86 9
93 6
115 3
116 27
fl=./elf/./elf/dl-lookup.c
fn=_dl_lookup_symbol_x
204 13086
580 4362
581 382996
582 374272
583 2181
840 30534
842 4362
843 4362
846 2181
850 17394
852 13086
853 4362
855 4362
859 4437
860 37077
865 6543
867 90
884 2181
885 45
888 4362
889 15146
896 2166
929 8664
943 6498
944 2
946 6498
953 19629
1008 4332
fn=check_match
70 28249
73 15211
78 2165
86 10840
89 4714
93 2168
94 4336
96 4330
115 4330
116 17320
117 10815
118 4
119 4
144 6
146 18
147 12
150 2
151 7
153 3
155 13
162 13038
fn=do_lookup_x
170 301
171 1089
172 940
174 98
175 294
176 528
179 152
180 152
182 152
183 70
222 488
224 1342
226 366
227 122
228 366
230 2684
231 726
234 759
235 413
237 200
247 40
248 80
250 160
251 40
254 426
257 132
258 396
259 132
262 1134
269 10
272 4
279 286
280 276
281 350
285 16
286 2
288 2
289 6
305 3
313 2
315 2
318 1
319 1
320 2
323 574
324 492
331 328
342 410
347 164
349 328
363 28353
364 2181
370 2181
374 13722
377 13722
381 26808
385 13722
389 13722
395 20583
399 6861
400 6861
403 34305
404 20583
407 6861
408 13722
410 6861
411 6543
412 13722
415 34305
418 48027
421 4552
422 9104
423 4552
425 27300
428 28055
430 6519
431 30422
432 4346
435 6519
438 10354
452 17320
469 221
471 2
477 4332
528 4332
535 11212
539 4404
551 4088
552 2044
553 4332
570 14085
573 15
574 17448
fl=./elf/./elf/dl-minimal-malloc.c
fn=__minimal_calloc
78 85
82 17
85 17
86 51
fn=__minimal_free
95 7
97 28
fn=__minimal_malloc
35 195
36 117
41 3
42 2
43 2
47 156
50 261
55 12
56 12
58 3
59 24
61 6
63 6
65 8
68 40
69 43
71 156
fl=./elf/./elf/dl-minimal.c
fn=__rtld_malloc_init_real
76 8
86 2
87 1
89 1
91 6
92 5
93 5
94 4
99 1
100 1
101 1
102 1
103 7
fn=__rtld_malloc_init_stubs
42 1
43 2
44 2
45 2
46 2
47 1
fn=lookup_malloc_symbol
61 28
63 4
64 28
68 28
69 28
71 4
72 20
fl=./elf/./elf/dl-misc.c
fn=_dl_higher_prime_number
87 2
124 2
125 2
127 26
129 80
130 37
131 6
145 2
146 2
fn=_dl_name_match_p
68 642
69 428
70 18
72 107
74 422
75 610
80 104
82 89
83 428
fn=_dl_sysdep_read_whole_file
36 9
39 3
40 2
42 6
44 2
47 2
49 8
60 3
63 7
fl=./elf/./elf/dl-object.c
fn=_dl_add_to_namespace_list
31 36
33 18
35 47
38 80
40 5
42 5
45 2
46 18
47 12
48 12
50 12
51 18
fn=_dl_new_object
59 84
62 12
64 2
66 3
67 2
71 2
77 5
80 10
83 20
87 10
92 11
95 12
98 6
99 6
100 12
103 12
104 42
106 6
119 22
125 1
127 42
130 12
131 17
132 6
136 6
139 75
141 16
149 12
150 6
153 1
155 36
157 20
160 14
164 24
168 30
176 2
179 12
189 18
191 25
195 15
200 20
208 5
212 5
245 20
250 168
251 168
253 10
256 5
259 5
263 54
fl=./elf/./elf/dl-profstub.c
fn=_dl_mcount_wrapper_check
36 256
37 384
39 128
fl=./elf/./elf/dl-reloc.c
fn=_dl_relocate_object
194 91
204 12
205 21
208 14
210 21
212 7
213 21
232 14
238 35
239 14
240 2
242 14
249 28
288 410
291 42
308 3218
315 7
318 14
335 21
337 56
343 42
346 14
350 14
351 42
fl=./elf/./elf/dl-runtime.c
fn=_dl_fixup
46 616
48 385
49 231
54 77
55 308
56 539
58 154
63 154
67 154
69 308
71 231
75 231
76 308
84 77
85 231
95 847
99 385
109 770
124 308
133 231
159 231
163 462
fl=./elf/./elf/dl-setup_hash.c
fn=_dl_setup_hash
25 14
28 21
31 21
32 14
33 7
34 7
36 21
37 7
38 21
40 28
41 14
45 21
50 7
fl=./elf/./elf/dl-sort-maps.c
fn=_dl_sort_maps
145 64
186 2
187 50
188 28
223 38
228 4
230 2
231 16
233 36
235 14
238 28
256 4
269 2
276 10
290 22
298 6
302 18
fn=_dl_sort_maps_init
281 2
282 4
283 1
284 3
285 2
fn=dfs_traversal.part.0
140 112
145 10
148 14
150 42
152 180
155 66
161 49
176 42
177 14
178 84
fl=./elf/./elf/dl-tunables.c
fn=__GI___tunable_set_val
102 45
111 5
112 25
113 40
116 15
119 10
123 10
130 10
131 10
134 30
135 5
136 5
137 5
157 25
161 5
fn=__GI___tunables_init
71 505
74 400
77 10710
81 200
86 600
270 9
279 9
302 14000
308 22000
320 400
354 8
fn=__tunable_get_val
402 36
405 390
414 46
424 26
425 26
431 180
433 36
fl=./elf/./elf/dl-tunables.h
fn=__GI___tunable_set_val
121 10
122 5
131 20
fn=__GI___tunables_init
140 1463
141 4228
fl=./elf/./elf/dl-version.c
fn=_dl_check_all_versions
361 6
363 2
365 26
366 7
367 63
370 7
fn=_dl_check_map_versions
36 171
37 47
38 290
56 160
64 120
70 120
86 40
87 80
89 40
94 1464
108 1184
110 40
113 331
120 1656
124 552
142 22
155 70
156 7
164 7
170 21
172 35
174 14
175 14
177 14
180 15
184 15
197 6
198 6
200 22
208 33
213 44
217 360
219 40
221 109
224 160
227 120
232 29
236 44
241 12
250 15
253 20
256 484
259 363
263 116
267 12
272 6
273 12
274 12
284 6
287 30
289 18
292 20
294 6
296 33
299 120
301 160
303 200
304 80
305 120
306 120
309 120
314 29
317 33
322 6
327 18
330 20
334 116
336 242
340 116
341 580
342 348
343 116
346 363
350 116
356 63
fl=./elf/./elf/do-rel.h
fn=_dl_relocate_object
49 42
50 14
52 10
53 12
60 42
63 3551
65 4692
67 171
76 24
77 193
78 114
86 60
88 20
100 30
110 16
113 6349
114 4218
120 40
124 32
126 10219
128 17005
129 13604
130 10203
131 13604
133 10203
135 10
138 2
142 3399
145 10254
146 60
158 30
159 16
160 6
163 6
165 8
166 2
167 6
175 25
177 42
178 12
180 18
188 6
191 18
205 4
fn=_dl_start
49 4
50 1
86 10
88 4
113 431
114 284
118 4
126 28
128 21
129 14
130 14
fl=./elf/./elf/get-dynamic-info.h
fn=_dl_map_object_from_fd
39 10
43 5
45 515
49 250
54 129
55 88
56 25
58 5
59 25
61 5
62 25
64 25
68 125
72 20
82 17
83 20
84 20
85 20
87 20
92 19
93 19
94 20
97 15
102 8
109 10
110 15
132 15
137 4
139 4
141 4
143 4
147 15
149 3
150 2
159 2
160 3
165 3
169 10
fl=./elf/./elf/libc_early_init.c
fn=__libc_early_init
33 7
35 1
38 2
41 1
47 4
49 2
fl=./elf/./elf/rtld.c
fn=_dl_start
85 8
488 3
489 1
490 6
492 2
501 1
507 4
509 2
527 10
553 1
556 2
557 1
573 56
575 1
588 1
592 2
607 9
fn=dl_main
85 16
92 12
93 2
101 7
205 2
207 1
232 2
233 4
234 4
304 3
310 1
311 2
862 1
864 1
870 1
873 1
875 1
880 1
1140 2
1143 1
1146 1
1148 2
1150 1
1151 1
1166 1
1169 46
1170 117
1174 3
1179 3
1180 9
1189 2
1190 2
1192 1
1199 3
1211 1
1217 1
1225 8
1226 18
1227 8
1228 1
1230 12
1231 14
1235 8
1236 8
1237 4
1238 10
1239 1
1243 12
1271 2
1275 4
1277 1
1281 26
1282 61
1288 17
1294 3
1297 4
1299 3
1301 2
1320 14
1325 1
1326 1
1332 1
1348 3
1349 4
1627 10
1629 2
1630 2
1631 2
1632 3
1636 3
1637 2
1662 3
1663 6
1664 3
1665 3
1668 1
1670 1
1671 1
1673 2
1674 2
1678 2
1680 2
1688 3
1695 2
1698 2
1723 9
1731 4
1733 1
1738 2
1741 4
1742 4
1743 2
1744 1
1745 1
1746 1
1751 2
1752 3
1764 2
1765 2
1767 2
1769 1
1770 3
1775 5
1776 5
1778 4
1784 2
1786 3
1793 2
1797 1
1798 2
1822 2
1828 2
1829 1
1830 1
1834 3
1839 3
1841 1
1843 2
1847 5
1852 2
1868 6
1944 4
1948 19
1949 1
1952 3
1953 1
1954 2
1955 2
1960 3
1970 8
1976 31
1977 17
1980 4
1981 3
1982 1
1984 23
1985 22
1995 2
1997 3
1998 2
2000 2
2002 3
2004 3
2005 1
2006 2
2018 2
2019 2
2020 3
2031 4
2032 4
2033 5
2043 2
2044 2
2045 4
2047 2
2052 3
2282 3
2331 1
2338 2
2342 2
2348 2
2351 2
2359 2
2361 2
2415 3
2418 1
2422 1
2423 35
2425 14
2430 14
2432 16
2434 1
2435 1
2438 7
2440 21
2441 48
2445 18
2446 6
2454 2
2459 4
2461 1
2468 3
2471 2
2481 3
2483 4
2493 1
2498 2
2501 1
2507 1
2508 5
2516 3
2523 1
2527 3
2532 3
2533 1
2534 1
2535 1
2539 1
2544 8
2677 3
2679 1
2683 6
2685 11
2687 1
2689 41
2690 7
2698 7
2719 2
2726 6
2728 2
2729 1
2818 1
2829 1
2845 4
2877 2
fn=handle_preload_list
191 3
831 1
835 1
836 2
837 1
839 1
841 7
842 3
850 3
894 12
895 3
899 5
902 4
903 3
905 5
906 2
912 1
914 2
916 2
917 1
920 9
fn=init_tls
756 3
758 2
762 3
768 2
771 1
772 1
773 1
777 1
779 1
783 2
784 2
785 18
786 7
787 14
791 6
793 2
795 3
798 2
801 1
808 2
809 2
815 2
818 8
821 1
822 1
825 5
fn=map_doit
663 3
665 4
666 6
668 2
fn=version_check_doit
696 3
698 6
702 2
fl=./elf/./get-dynamic-info.h
fn=_dl_start
45 75
49 36
54 21
55 14
56 5
58 1
59 5
61 1
62 5
64 5
68 19
72 3
82 4
83 4
84 4
85 4
87 4
92 4
93 4
94 4
97 3
102 2
109 3
110 3
118 2
119 2
124 3
127 3
fn=dl_main
39 3
43 1
45 115
49 56
54 25
55 17
56 5
58 1
59 5
61 1
62 5
64 5
68 28
72 5
82 3
83 4
84 4
85 4
87 4
92 4
93 4
94 5
97 3
102 2
109 2
110 3
132 3
137 2
139 2
141 2
143 2
144 1
147 3
149 3
150 2
159 2
160 3
165 2
166 2
169 2
fl=./elf/./setup-vdso.h
fn=dl_main
24 2
fl=./iconv/./iconv/gconv_simple.c
fn=__gconv_btwoc_ascii
49 128
51 512
54 128
fl=./io/../sysdeps/unix/sysv/linux/access.c
fn=access
25 1
27 7
31 1
fl=./io/../sysdeps/unix/sysv/linux/close_nocancel.c
fn=__GI___close_nocancel
25 6
26 24
27 6
fl=./io/../sysdeps/unix/sysv/linux/fstat64.c
fn=fstat
29 12
30 12
35 18
fl=./io/../sysdeps/unix/sysv/linux/fstatat64.c
fn=fstatat
98 12
153 12
168 18
169 6
fl=./io/../sysdeps/unix/sysv/linux/open64_nocancel.c
fn=__open_nocancel
28 24
31 42
39 42
41 6
fl=./io/../sysdeps/unix/sysv/linux/pread64_nocancel.c
fn=__pread64_nocancel
25 8
26 16
27 4
fl=./io/../sysdeps/unix/sysv/linux/read_nocancel.c
fn=__read_nocancel
25 5
26 20
27 5
fl=./libio/./libio/fileops.c
fn=_IO_file_sync@@GLIBC_2.2.5
792 50
797 40
799 10
800 20
811 20
815 40
fl=./libio/./libio/genops.c
fn=_IO_cleanup
786 6
787 11
790 12
799 9
801 6
838 3
842 9
843 2
863 11
866 3
878 12
fn=_IO_flush_all_lockp
686 12
687 1
691 6
692 11
695 12
697 3
698 6
701 21
709 6
711 3
715 9
716 2
720 12
fl=./libio/./libio/iofflush.c
fn=fflush
32 40
33 20
39 140
40 50
44 50
fl=./libio/./libio/libioP.h
fn=_IO_cleanup
940 4
fn=_IO_flush_all_lockp
940 4
fn=fflush
883 20
884 90
940 30
942 20
943 20
fl=./libio/./libio/vtables.c
fn=check_stdfiles_vtables
83 1
84 4
85 3
86 3
88 1
fl=./locale/./locale/newlocale.c
fn=newlocale
43 17
55 2
56 2
63 2
66 3
72 2
73 7
75 1
277 12
fl=./locale/./locale/uselocale.c
fn=uselocale
30 2
31 6
33 4
36 4
37 2
65 6
66 6
68 6
72 6
73 2
fl=./malloc/./malloc/arena.c
fn=free
162 3855
fn=malloc
162 2572
315 1
fn=ptmalloc_init.part.0
313 6
318 1
343 2
347 3
352 4
353 4
354 4
355 4
356 4
357 4
358 4
360 4
361 4
362 4
365 4
366 4
367 2
430 7
fn=sysmalloc
565 11
fl=./malloc/./malloc/malloc.c
fn=_int_free
2012 3834
3181 14
3183 28
3184 7
3185 14
4421 14135
4431 3855
4437 6425
4438 2570
4442 5140
4449 2570
4450 8995
4453 1280
4459 3840
4479 6400
4482 7
4493 2556
4569 2556
4572 1278
4575 6390
4578 1278
4582 3834
4585 5112
4587 3834
4590 3834
4593 2556
4594 2556
4595 2556
4601 2556
4602 1269
4603 1269
4604 1269
4605 5076
4607 2538
4610 2556
4615 2552
4616 12
4617 12
4619 1270
4627 1276
4628 5104
4629 2552
4631 1276
4633 2552
4635 3828
4638 1276
4639 1276
4641 3828
4642 1276
4653 2
4654 6
4655 4
4672 2556
4673 2886
4676 2886
4678 4810
4680 1170
4692 3834
4702 14135
fn=_int_malloc
1343 2574
1362 6435
2005 3861
3771 11583
3811 2574
3838 2574
3901 2574
3903 1
3904 5
3906 3
3963 41177
3964 3858
3982 6432
3983 3861
3984 3861
3988 1287
3994 5148
4061 5148
4183 2574
4185 5144
4188 3858
4256 2574
4257 2574
4258 2574
4259 2574
4260 3861
4265 2574
4269 7706
4272 5128
4369 1287
4370 2574
4372 2574
4375 3883
4377 1276
4378 2552
4379 1276
4380 10208
4382 2552
4385 1276
4392 33
4397 2574
4399 15
4407 55
4408 22
4413 11583
fn=free
3352 5140
3356 2570
3364 2570
3366 1285
3368 3855
3385 3855
3391 2570
3394 1285
3395 5140
fn=malloc
1343 2572
1362 6430
3241 4
3287 7716
3294 2572
3304 3858
3306 5144
3309 2572
3311 3840
3319 3858
3321 5144
3322 6430
3347 6430
fn=ptmalloc_init.part.0
1966 385
1969 381
1977 1
1978 1
1980 1
3162 7
fn=sysmalloc
2028 48
2548 99
2568 44
2579 22
2580 33
2606 11
2607 33
2608 11
2610 22
2617 114
2623 33
2626 33
2687 22
2696 44
2709 33
2713 3
2717 55
2725 22
2727 22
2728 33
2729 22
2730 11
2733 22
2764 22
2765 2
2766 55
2772 42
2773 40
2775 4
2815 3
2837 2
2838 7
2840 2
2841 4
2853 3
2895 1
2896 4
2897 5
2908 2
2941 22
2942 11
2946 10
2947 22
2950 22
2952 11
2953 11
2954 11
2955 88
2956 22
2958 22
2964 121
fn=systrim.constprop.0
2977 1170
2986 1170
2988 390
2989 780
2990 388
2994 1170
2995 390
2998 1950
3000 780
3007 6
3008 8
3020 6
3021 4
3023 2
3025 4
3029 4
3032 2
3033 8
3035 4
3040 1560
fn=tcache_init.part.0
3235 3
3244 8
3245 4
3246 2
3254 4
3261 2
3263 2
3264 88
3267 4
fn=unlink_chunk.constprop.0
1626 1275
1628 6375
1631 6375
1632 1275
1634 5100
1637 1275
1638 1275
1639 6375
1663 2550
fl=./malloc/./malloc/morecore.c
fn=__glibc_morecore
25 36
26 36
29 18
30 36
34 36
fl=./malloc/./malloc/scratch_buffer_set_array_size.c
fn=__libc_scratch_buffer_set_array_size
30 50
34 5
35 10
45 10
46 5
63 20
fl=./math/../sysdeps/x86_64/fpu/multiarch/e_asin.c
fn=__acos_finite@GLIBC_2.15
35 1
fn=__asin_finite@GLIBC_2.15
27 2
fl=./math/../sysdeps/x86_64/fpu/multiarch/e_atan2.c
fn=__atan2_finite@GLIBC_2.15
26 2
fl=./math/../sysdeps/x86_64/fpu/multiarch/e_exp.c
fn=__exp_finite@GLIBC_2.15
27 2
fl=./math/../sysdeps/x86_64/fpu/multiarch/e_exp2f.c
fn=exp2f@@GLIBC_2.27
27 2
fl=./math/../sysdeps/x86_64/fpu/multiarch/e_expf.c
fn=expf@@GLIBC_2.27
27 2
fl=./math/../sysdeps/x86_64/fpu/multiarch/e_log.c
fn=__log_finite@GLIBC_2.15
27 2
fl=./math/../sysdeps/x86_64/fpu/multiarch/e_log2f.c
fn=log2f@@GLIBC_2.27
27 2
fl=./math/../sysdeps/x86_64/fpu/multiarch/e_logf.c
fn=logf@@GLIBC_2.27
27 2
fl=./math/../sysdeps/x86_64/fpu/multiarch/e_pow.c
fn=__pow_finite@GLIBC_2.15
27 2
fl=./math/../sysdeps/x86_64/fpu/multiarch/e_powf.c
fn=powf@@GLIBC_2.27
30 1
fl=./math/../sysdeps/x86_64/fpu/multiarch/ifunc-avx-fma4.h
fn=__atan2_finite@GLIBC_2.15
32 5
33 2
fn=__exp_finite@GLIBC_2.15
32 5
33 2
fn=__log_finite@GLIBC_2.15
32 5
33 2
fn=cos
32 5
33 2
fn=sin
32 5
33 2
fl=./math/../sysdeps/x86_64/fpu/multiarch/ifunc-fma.h
fn=cosf
29 4
30 3
fn=exp2f@@GLIBC_2.27
29 4
30 3
fn=expf@@GLIBC_2.27
29 4
30 3
fn=log2f@@GLIBC_2.27
29 4
30 3
fn=logf@@GLIBC_2.27
29 4
30 3
fn=powf@@GLIBC_2.27
29 4
30 4
fn=sincosf
29 4
30 3
fn=sinf
29 4
30 3
fl=./math/../sysdeps/x86_64/fpu/multiarch/ifunc-fma4.h
fn=__acos_finite@GLIBC_2.15
31 4
32 2
35 1
fn=__asin_finite@GLIBC_2.15
31 4
32 2
fn=__pow_finite@GLIBC_2.15
31 4
32 2
fl=./math/../sysdeps/x86_64/fpu/multiarch/s_cosf.c
fn=cosf
26 2
fl=./math/../sysdeps/x86_64/fpu/multiarch/s_fma.c
fn=fma
49 6
fl=./math/../sysdeps/x86_64/fpu/multiarch/s_sin.c
fn=cos
34 2
fn=sin
27 2
fl=./math/../sysdeps/x86_64/fpu/multiarch/s_sincosf.c
fn=sincosf
26 2
fl=./math/../sysdeps/x86_64/fpu/multiarch/s_sinf.c
fn=sinf
26 2
fl=./misc/../sysdeps/unix/syscall-template.S
fn=mprotect
117 45
122 9
fn=munmap
117 15
122 3
fl=./misc/../sysdeps/unix/sysv/linux/brk.c
fn=brk
35 14
36 56
37 28
43 14
44 14
fl=./misc/../sysdeps/unix/sysv/linux/mmap64.c
fn=mmap
47 50
50 50
58 100
60 25
fl=./misc/./misc/init-misc.c
fn=__init_misc
30 5
31 5
33 3
37 5
38 3
40 4
fl=./misc/./misc/sbrk.c
fn=sbrk
37 90
40 36
43 36
58 36
59 4
62 36
63 6
66 52
68 4
74 39
78 90
fl=./nptl/../sysdeps/nptl/futex-internal.h
fn=__pthread_once_slow
146 1
147 1
209 8
fl=./nptl/../sysdeps/unix/sysv/linux/x86/elision-conf.c
fn=__lll_elision_init
96 6
101 5
103 4
105 4
107 4
109 4
113 3
114 1
115 6
fl=./nptl/./nptl/cleanup_compat.c
fn=_pthread_cleanup_pop@@GLIBC_2.34
40 1
43 2
47 2
49 1
fn=_pthread_cleanup_push@@GLIBC_2.34
25 1
28 1
29 1
30 2
32 1
33 1
fl=./nptl/./nptl/libc-cleanup.c
fn=__libc_cleanup_pop_restore
39 2
42 4
44 4
45 4
47 2
fn=__libc_cleanup_push_defer
24 2
27 4
30 8
31 2
33 2
34 2
fl=./nptl/./nptl/pthread_mutex_conf.c
fn=__pthread_tunables_init
50 6
51 5
53 4
55 6
fl=./nptl/./nptl/pthread_mutex_lock.c
fn=pthread_mutex_lock@@GLIBC_2.2.5
44 1
45 8
46 1
77 3
80 3
82 1
84 2
88 2
97 2
108 4
112 1
115 2
130 3
131 2
167 1
170 1
172 1
175 1
177 1
178 3
fl=./nptl/./nptl/pthread_mutex_unlock.c
fn=pthread_mutex_unlock@@GLIBC_2.2.5
39 1
40 5
41 2
51 3
52 2
57 2
62 1
65 1
70 1
74 2
80 4
84 3
87 3
367 2
369 2
fl=./nptl/./nptl/pthread_once.c
fn=__pthread_once_slow
68 9
76 1
80 2
88 2
92 2
101 4
114 13
116 1
118 3
124 1
132 9
fn=pthread_once@@GLIBC_2.34
136 14
139 14
140 28
143 1
144 26
fl=./posix/../malloc/dynarray-skeleton.c
fn=__unregister_atfork
243 5
fl=./posix/../sysdeps/unix/syscall-template.S
fn=uname
120 5
122 1
fl=./posix/../sysdeps/unix/sysv/linux/_exit.c
fn=_Exit
27 2
30 3
31 2
fl=./posix/./posix/register-atfork.c
fn=__unregister_atfork
65 10
76 15
77 20
103 20
104 10
fl=./resource/../sysdeps/unix/sysv/linux/getrlimit64.c
fn=getrlimit
38 2
39 7
40 1
fl=./setjmp/../sysdeps/x86_64/bsd-_setjmp.S
fn=_setjmp
28 1
30 1
32 1
fl=./setjmp/../sysdeps/x86_64/setjmp.S
fn=__sigsetjmp
30 13
32 13
41 13
42 26
43 13
47 13
48 13
49 13
50 13
51 13
53 26
55 13
56 13
57 13
59 26
61 13
66 1
67 1
69 12
72 12
73 12
80 12
81 12
84 1
fl=./setjmp/./setjmp/sigjmp.c
fn=__sigjmp_save
28 3
29 1
30 2
34 3
fl=./stdlib/../sysdeps/unix/sysv/linux/getrandom.c
fn=getrandom
28 1
29 7
30 1
fl=./stdlib/./stdlib/cxa_atexit.c
fn=__cxa_atexit
41 22
43 66
44 22
46 22
53 33
55 11
56 22
58 11
59 44
60 11
69 99
71 66
fn=__new_exitfn
82 55
83 22
88 22
93 48
95 44
96 50
103 1
106 20
124 1
125 2
131 30
132 20
138 11
139 11
143 55
fl=./stdlib/./stdlib/cxa_finalize.c
fn=__cxa_finalize
30 45
33 30
36 30
40 176
41 108
43 9
45 9
76 9
79 27
82 36
83 27
84 36
88 18
94 35
98 30
105 10
106 10
107 20
108 40
fl=./stdlib/./stdlib/cxa_thread_atexit_impl.c
fn=__call_tls_dtors
149 4
150 4
168 4
fl=./stdlib/./stdlib/exit.c
fn=__run_exit_handlers
40 11
45 2
46 2
48 5
56 1
58 3
62 1
66 27
68 22
71 95
98 1
105 4
106 2
107 2
109 4
112 8
113 6
114 8
124 2
125 2
131 4
133 2
134 9
136 2
fn=exit
142 4
143 4
fl=./stdlib/./stdlib/rand.c
fn=rand
26 262144
27 131072
28 262144
fl=./stdlib/./stdlib/random.c
fn=random
288 655360
291 393216
293 393216
295 524288
297 131072
298 655360
fn=srand
209 3
210 4
211 3
212 4
213 2
fl=./stdlib/./stdlib/random_r.c
fn=random_r
354 131072
357 524288
360 135300
362 393216
370 131072
371 131072
372 131072
375 393216
377 262144
378 131072
379 262144
382 131072
387 257916
390 524288
393 131072
398 507376
fn=srandom_r
162 1
170 2
172 1
173 2
176 1
180 4
181 2
186 1
187 65
192 240
193 60
194 90
196 90
197 60
200 6
202 1
203 622
210 22
362 930
370 310
371 310
372 310
375 620
378 310
379 620
382 310
387 600
390 1240
fl=./string/../include/rtld-malloc.h
fn=strdup
56 10
fl=./string/../sysdeps/x86/cacheinfo.c
fn=__x86_cacheinfo
86 3
fl=./string/../sysdeps/x86/cacheinfo.h
fn=__x86_cacheinfo
61 1
64 3
66 3
67 1
73 3
75 3
76 1
80 2
82 2
83 2
84 2
86 2
fl=./string/../sysdeps/x86_64/multiarch/../strchr.S
fn=index
23 26
24 26
25 26
26 26
27 26
28 26
29 26
30 26
31 26
32 26
33 26
34 26
35 26
36 26
37 26
38 26
39 26
40 26
41 22
45 22
46 22
47 22
48 22
50 22
54 4
55 4
56 4
57 4
58 4
59 4
60 4
61 4
62 4
63 4
64 4
65 4
66 4
67 4
68 4
69 4
70 4
71 4
72 4
73 4
74 4
75 4
76 4
77 6
82 1
83 1
86 1
87 1
88 1
89 1
90 1
91 1
92 1
93 1
94 1
95 1
96 1
97 1
98 1
99 1
100 1
101 1
102 1
103 1
105 1
106 1
108 1
109 1
110 1
111 1
112 1
113 1
114 1
115 1
117 1
118 1
119 1
120 1
121 1
122 1
123 1
124 1
125 1
126 1
129 4
133 4
134 4
135 4
136 4
138 4
fl=./string/../sysdeps/x86_64/multiarch/ifunc-avx2.h
fn=memrchr
32 2
33 5
34 3
36 2
37 2
40 3
43 4
fn=rindex
32 2
33 5
34 3
36 2
37 2
40 3
43 4
fn=strchrnul
32 2
33 5
34 3
36 2
37 2
40 3
43 4
fn=strlen
32 2
33 5
34 3
36 2
37 2
40 3
43 4
fn=strnlen
32 4
33 10
34 6
36 4
37 4
40 6
43 8
fl=./string/../sysdeps/x86_64/multiarch/ifunc-evex.h
fn=memchr
34 2
35 5
36 3
38 2
39 2
41 2
47 3
50 4
fn=rawmemchr
34 2
35 5
36 3
38 2
39 2
41 2
47 3
50 4
fl=./string/../sysdeps/x86_64/multiarch/ifunc-memcmp.h
fn=bcmp
34 4
35 3
36 2
37 3
39 2
40 2
43 3
46 3
fl=./string/../sysdeps/x86_64/multiarch/ifunc-memmove.h
fn=memcpy@@GLIBC_2.14
52 2
53 3
56 3
57 2
70 2
72 2
80 2
88 2
90 5
fn=memmove
52 6
53 9
56 9
57 6
70 6
72 6
80 6
88 6
90 15
fn=mempcpy
52 2
53 3
56 3
57 2
70 2
72 2
80 2
88 2
90 5
fl=./string/../sysdeps/x86_64/multiarch/ifunc-memset.h
fn=memset
50 5
53 3
54 2
60 2
69 2
71 2
81 2
89 2
91 5
fl=./string/../sysdeps/x86_64/multiarch/ifunc-sse4_2.h
fn=strcspn
30 5
fn=strpbrk
30 5
fn=strspn
30 5
fl=./string/../sysdeps/x86_64/multiarch/ifunc-strcasecmp.h
fn=strcasecmp
32 5
fn=strcasecmp_l
32 5
fn=strncasecmp
32 5
fn=strncasecmp_l
32 5
fl=./string/../sysdeps/x86_64/multiarch/ifunc-strcpy.h
fn=stpcpy
36 4
37 3
39 2
40 2
43 3
46 3
fn=stpncpy
36 4
37 3
39 2
40 2
43 3
46 3
fn=strcat
36 4
37 3
39 2
40 2
43 3
46 3
fn=strcpy
36 4
37 3
39 2
40 2
43 3
46 3
fn=strncpy
36 4
37 3
39 2
40 2
43 3
46 3
fl=./string/../sysdeps/x86_64/multiarch/memchr.c
fn=memchr
29 2
fl=./string/../sysdeps/x86_64/multiarch/memcmp-avx2-movbe.S
fn=__memcmp_avx2_movbe
71 49
78 49
79 49
154 39
164 39
165 39
166 39
169 78
399 49
400 49
405 49
406 49
407 49
408 49
409 49
412 49
413 49
414 49
415 49
418 49
419 49
420 10
421 20
fl=./string/../sysdeps/x86_64/multiarch/memcmp.c
fn=bcmp
29 3
fl=./string/../sysdeps/x86_64/multiarch/memcpy.c
fn=memcpy@@GLIBC_2.14
29 1
fl=./string/../sysdeps/x86_64/multiarch/memmove-vec-unaligned-erms.S
fn=__memcpy_avx_unaligned_erms
307 512
308 512
314 512
315 512
317 512
318 512
319 512
438 512
439 512
444 512
445 512
469 512
470 512
474 512
476 512
480 512
481 512
492 512
495 512
497 512
499 512
503 512
504 512
513 512
514 512
516 512
518 512
519 512
520 512
523 512
525 512
527 512
529 1024
535 3584
536 3584
537 3584
538 3584
539 3584
540 3584
541 3584
542 3584
543 3584
544 3584
545 3584
546 3584
548 512
549 512
550 512
551 512
553 512
557 1024
fn=memcpy
212 29
213 29
219 42
220 42
222 28
223 28
224 28
226 13
227 13
228 13
230 13
360 14
361 14
363 7
367 7
368 4
369 4
370 3
371 3
372 2
373 2
375 3
377 4
383 3
384 3
385 3
386 3
387 3
416 7
417 7
418 7
419 7
420 7
427 11
428 11
429 11
430 11
431 11
432 11
433 11
444 15
445 15
447 15
448 15
449 15
451 4
452 4
453 4
454 4
455 4
456 4
457 4
458 4
459 4
460 4
461 4
462 4
463 4
464 4
465 4
fn=mempcpy
199 13
200 13
201 13
202 13
fl=./string/../sysdeps/x86_64/multiarch/memmove.c
fn=memmove
29 3
fl=./string/../sysdeps/x86_64/multiarch/mempcpy.c
fn=mempcpy
33 1
fl=./string/../sysdeps/x86_64/multiarch/memrchr.c
fn=memrchr
29 3
fl=./string/../sysdeps/x86_64/multiarch/memset-vec-unaligned-erms.S
fn=memset
125 11
126 55
132 11
133 11
134 9
135 9
137 1
138 1
139 1
204 4
205 4
207 4
283 8
284 8
289 8
292 8
293 8
296 4
297 4
310 4
311 4
313 4
316 3
319 6
322 85
323 85
324 85
325 85
326 85
327 85
328 85
331 4
332 4
333 4
334 4
339 4
368 2
369 2
370 2
402 2
403 2
404 2
fl=./string/../sysdeps/x86_64/multiarch/memset.c
fn=memset
29 1
fl=./string/../sysdeps/x86_64/multiarch/rawmemchr.c
fn=rawmemchr
31 2
fl=./string/../sysdeps/x86_64/multiarch/stpcpy.c
fn=stpcpy
33 3
fl=./string/../sysdeps/x86_64/multiarch/stpncpy.c
fn=stpncpy
31 3
fl=./string/../sysdeps/x86_64/multiarch/strcasecmp.c
fn=strcasecmp
31 2
fl=./string/../sysdeps/x86_64/multiarch/strcasecmp_l.c
fn=strcasecmp_l
31 2
fl=./string/../sysdeps/x86_64/multiarch/strcat.c
fn=strcat
29 3
fl=./string/../sysdeps/x86_64/multiarch/strchr.c
fn=index
40 2
41 4
42 3
44 2
45 2
48 3
51 3
61 3
fl=./string/../sysdeps/x86_64/multiarch/strchrnul.c
fn=strchrnul
31 3
fl=./string/../sysdeps/x86_64/multiarch/strcmp.c
fn=strcmp
41 4
42 3
44 2
49 3
52 3
65 2
fl=./string/../sysdeps/x86_64/multiarch/strcpy.c
fn=strcpy
29 3
fl=./string/../sysdeps/x86_64/multiarch/strcspn.c
fn=strcspn
29 2
fl=./string/../sysdeps/x86_64/multiarch/strlen-avx2.S
fn=__strlen_avx2
50 68
63 68
64 68
65 68
68 68
70 68
71 68
74 68
75 68
83 68
84 68
85 68
90 136
fl=./string/../sysdeps/x86_64/multiarch/strlen-vec.S
fn=strlen
41 28
85 28
86 28
87 28
88 28
89 28
90 28
91 28
93 28
95 28
126 28
127 28
128 28
129 28
130 28
131 13
133 13
137 15
138 15
139 15
140 15
141 15
142 15
143 15
144 15
145 15
146 15
147 15
148 15
153 114
227 3
228 3
229 3
230 3
231 3
232 3
233 3
234 3
250 3
252 3
253 42
255 3
256 3
257 3
259 3
fl=./string/../sysdeps/x86_64/multiarch/strlen.c
fn=strlen
29 3
fl=./string/../sysdeps/x86_64/multiarch/strncase.c
fn=strncasecmp
31 2
fl=./string/../sysdeps/x86_64/multiarch/strncase_l.c
fn=strncasecmp_l
31 2
fl=./string/../sysdeps/x86_64/multiarch/strncmp.c
fn=strncmp
41 4
42 3
44 2
49 3
52 3
66 2
fl=./string/../sysdeps/x86_64/multiarch/strncpy.c
fn=strncpy
29 3
fl=./string/../sysdeps/x86_64/multiarch/strnlen.c
fn=strnlen
31 6
fl=./string/../sysdeps/x86_64/multiarch/strpbrk.c
fn=strpbrk
29 2
fl=./string/../sysdeps/x86_64/multiarch/strrchr-avx2.S
fn=__strrchr_avx2
46 1
47 1
48 1
50 1
51 1
54 1
55 1
56 1
89 1
90 1
91 1
92 1
93 1
94 1
95 1
96 1
97 1
98 1
101 1
102 1
111 1
112 1
210 1
211 1
219 1
220 1
221 1
222 1
223 1
225 1
226 1
227 1
228 2
fl=./string/../sysdeps/x86_64/multiarch/strrchr.c
fn=rindex
28 3
fl=./string/../sysdeps/x86_64/multiarch/strspn.c
fn=strspn
29 2
fl=./string/../sysdeps/x86_64/strcmp.S
fn=strcmp
108 2571
141 2571
142 2571
144 2571
145 2571
166 2571
167 2571
168 2422
169 2422
170 2326
171 2326
172 2326
173 2326
194 2326
195 2326
196 2326
197 2326
198 2326
199 2326
200 2326
205 40
206 120
215 285
216 285
217 285
218 285
219 285
220 285
221 285
222 285
223 175
224 105
225 105
226 105
228 175
229 175
230 175
231 175
232 175
233 175
243 110
244 110
245 110
247 110
253 110
254 110
255 110
256 110
257 110
262 110
264 101
265 101
266 202
274 120
275 120
278 120
279 120
280 120
281 120
282 120
283 120
289 31
290 31
291 31
294 31
295 31
296 31
297 31
298 31
299 31
304 19
305 19
444 1
445 1
446 1
447 1
448 1
450 1
451 1
452 1
453 1
454 1
455 1
456 1
457 1
460 1
461 1
462 1
468 1
469 1
470 2
474 1
475 1
478 1
479 1
480 1
483 1
484 1
485 1
491 1
492 1
493 1
494 1
495 1
496 1
693 2
694 2
695 2
696 2
697 2
699 2
700 2
701 2
702 2
703 2
704 2
705 2
706 2
710 2
711 2
712 2
718 2
719 2
720 4
724 2
725 2
728 2
729 2
730 2
733 2
734 2
735 2
741 2
742 2
743 2
744 2
745 2
746 2
818 1
819 1
820 1
821 1
822 1
824 1
825 1
826 1
827 1
828 1
829 1
830 1
831 1
835 1
836 1
837 1
843 1
844 1
845 2
849 1
850 1
853 1
854 1
855 1
858 1
859 1
860 1
866 1
867 1
868 1
869 1
870 1
871 1
878 1
879 1
881 1
882 1
884 1
885 1
886 1
889 1
890 1
891 1
897 1
898 1
899 1
900 1
901 1
902 1
943 9
944 9
945 9
946 9
947 9
949 9
950 9
951 9
952 9
953 9
954 9
955 9
956 2
960 2
961 2
962 2
968 2
969 2
970 4
974 2
975 2
978 2
979 2
980 2
983 2
984 2
985 2
991 2
992 2
993 2
994 2
995 2
996 2
1003 1
1004 1
1006 1
1007 1
1009 1
1010 1
1011 1
1014 1
1015 1
1016 1
1022 1
1023 1
1024 1
1025 1
1026 1
1027 1
1068 9
1069 9
1070 9
1071 9
1072 9
1074 9
1075 9
1076 9
1077 9
1078 9
1079 9
1080 9
1081 2
1085 2
1086 2
1087 2
1093 2
1094 2
1095 4
1099 2
1100 2
1103 2
1104 2
1105 2
1108 2
1109 2
1110 2
1116 2
1117 2
1118 2
1119 2
1120 2
1121 2
1128 1
1129 1
1131 1
1132 1
1134 1
1135 1
1136 1
1139 1
1140 1
1141 1
1147 1
1148 1
1149 1
1150 1
1151 1
1152 1
1193 5
1194 5
1195 5
1196 5
1197 5
1199 5
1200 5
1201 5
1202 5
1203 5
1204 5
1205 5
1206 3
1210 3
1211 3
1212 3
1218 3
1219 3
1220 6
1224 3
1225 3
1228 3
1229 3
1230 3
1233 3
1234 3
1235 3
1241 3
1242 3
1243 3
1244 3
1245 3
1246 3
1318 31
1319 31
1320 31
1321 31
1322 31
1324 31
1325 31
1326 31
1327 31
1328 31
1329 31
1330 31
1331 8
1335 8
1336 8
1337 8
1343 8
1344 8
1345 16
1349 8
1350 8
1353 7
1354 7
1355 7
1358 7
1359 7
1360 7
1366 7
1367 7
1368 7
1369 7
1370 7
1371 7
1415 1
1416 1
1417 1
1418 1
1431 1
1432 1
1433 1
1434 1
1443 7
1444 7
1445 7
1446 7
1447 7
1449 7
1450 7
1451 7
1452 7
1453 7
1454 7
1455 7
1456 7
1460 7
1461 7
1462 7
1468 7
1469 7
1470 14
1474 7
1475 7
1478 7
1479 7
1480 7
1483 7
1484 7
1485 7
1491 7
1492 7
1493 7
1494 7
1495 7
1496 7
1568 15
1569 15
1570 15
1571 15
1572 15
1574 15
1575 15
1576 15
1577 15
1578 15
1579 15
1580 15
1581 7
1585 7
1586 7
1587 7
1593 7
1594 7
1595 14
1599 7
1600 7
1603 7
1604 7
1605 7
1608 7
1609 7
1610 7
1616 7
1617 7
1618 7
1619 7
1620 7
1621 7
1693 14
1694 14
1695 14
1696 14
1697 14
1699 14
1700 14
1701 14
1702 14
1703 14
1704 14
1705 14
1706 8
1710 8
1711 8
1712 8
1718 8
1719 8
1720 16
1724 8
1725 8
1728 8
1729 8
1730 8
1733 8
1734 8
1735 8
1741 8
1742 8
1743 8
1744 8
1745 8
1746 8
1818 8
1819 8
1820 8
1821 8
1822 8
1824 8
1825 8
1826 8
1827 8
1828 8
1829 8
1830 8
1831 3
1835 3
1836 3
1837 3
1843 3
1844 3
1845 6
1849 3
1850 3
1853 3
1854 3
1855 3
1858 3
1859 3
1860 3
1866 3
1867 3
1868 3
1869 3
1870 3
1871 3
1878 1
1879 1
1881 1
1882 1
1884 1
1885 1
1886 1
1889 1
1890 1
1891 1
1897 1
1898 1
1899 1
1900 1
1901 1
1902 1
1943 20
1944 20
1945 20
1946 20
1947 20
1949 20
1950 20
1951 20
1952 20
1953 20
1954 20
1955 20
1956 4
1960 4
1961 4
1962 4
1968 4
1969 4
1970 8
1974 4
1975 4
1978 4
1979 4
1980 4
1983 4
1984 4
1985 4
1991 4
1992 4
1993 4
1994 4
1995 4
1996 4
2068 53
2069 53
2070 53
2071 53
2072 53
2074 53
2075 53
2076 53
2077 53
2078 53
2079 53
2080 53
2082 15
2086 15
2087 15
2088 15
2094 15
2095 15
2097 30
2101 15
2102 15
2105 15
2106 15
2107 15
2110 15
2111 15
2112 15
2118 15
2119 15
2120 15
2121 15
2122 15
2123 15
2190 1
2191 1
2192 1
2193 2
2197 164
2199 285
2200 285
2201 285
2202 285
2203 210
2208 2571
2214 2571
2215 2571
2223 2571
2224 2571
fl=./string/../sysdeps/x86_64/strcspn.S
fn=strcspn
25 1
27 1
34 1
35 1
37 1
38 1
39 1
40 1
41 33
44 3
51 1
52 1
53 1
54 1
56 1
57 1
58 1
59 1
61 1
62 1
63 1
72 3
84 18
86 18
87 18
88 18
90 18
91 18
92 18
94 17
95 17
96 17
98 17
99 17
100 17
104 1
106 1
113 1
117 1
fl=./string/./string/strdup.c
fn=strdup
40 25
41 10
44 10
47 20
48 15
fl=./time/../sysdeps/unix/sysv/linux/dl-vdso.h
fn=time
40 2
41 2
fl=./time/../sysdeps/unix/sysv/linux/time.c
fn=time
38 3
fn=time_syscall
31 1
32 4
33 1
fl=./wcsmbs/../sysdeps/x86_64/multiarch/ifunc-avx2.h
fn=wcschr
32 4
33 10
34 6
36 4
37 4
40 6
43 8
fn=wcscmp
32 2
33 5
34 3
36 2
37 2
40 3
43 4
fl=./wcsmbs/../sysdeps/x86_64/multiarch/ifunc-evex.h
fn=wmemchr
34 4
35 10
36 6
38 4
39 4
41 4
47 6
50 8
fl=./wcsmbs/../sysdeps/x86_64/multiarch/ifunc-memcmp.h
fn=wmemcmp
34 4
35 3
36 2
37 3
39 2
40 2
43 3
46 3
fl=./wcsmbs/../sysdeps/x86_64/multiarch/ifunc-wcslen.h
fn=wcslen
33 2
34 4
35 3
37 2
38 2
41 3
44 3
fn=wcsnlen
33 2
34 4
35 3
37 2
38 2
41 3
44 3
fl=./wcsmbs/../sysdeps/x86_64/multiarch/ifunc-wmemset.h
fn=wmemset
33 10
34 6
36 4
44 6
47 8
fl=./wcsmbs/../sysdeps/x86_64/multiarch/wcschr.c
fn=wcschr
31 6
fl=./wcsmbs/../sysdeps/x86_64/multiarch/wcscmp.c
fn=wcscmp
30 3
fl=./wcsmbs/../sysdeps/x86_64/multiarch/wcscpy.c
fn=wcscpy
37 5
43 2
fl=./wcsmbs/../sysdeps/x86_64/multiarch/wcslen.c
fn=wcslen
29 3
fl=./wcsmbs/../sysdeps/x86_64/multiarch/wcsnlen.c
fn=wcsnlen
29 3
fl=./wcsmbs/../sysdeps/x86_64/multiarch/wmemchr.c
fn=wmemchr
31 4
fl=./wcsmbs/../sysdeps/x86_64/multiarch/wmemcmp.c
fn=wmemcmp
29 3
fl=./wcsmbs/../sysdeps/x86_64/multiarch/wmemset.c
fn=wmemset
31 4
fl=./wcsmbs/./wcsmbs/btowc.c
fn=btowc
32 3584
37 1792
42 512
46 384
47 256
49 256
54 512
57 640
98 2304
fl=./wcsmbs/./wcsmbs/wctob.c
fn=wctob
30 1664
39 384
44 256
45 128
81 1024
fl=./wcsmbs/./wcsmbsload.h
fn=btowc
69 384
71 384
72 128
fl=./wctype/./wctype/wctype_l.c
fn=wctype_l
26 100
29 20
32 20
33 68
35 174
37 410
40 48
41 96
45 10
46 10
47 80
fl=???
fn=(below main)
0 12
fn=???
0 279361
fn=_GLOBAL__sub_I__Z27block_matrix_multiplicationSt6vectorIS_IiSaIiEESaIS1_EES3_i
0 8
fn=__cpu_indicator_init
0 352
fn=__cxa_get_globals
0 14
fn=__gnu_cxx::__alloc_traits<std::allocator<int>, int>::_S_select_on_copy(std::allocator<int> const&)
0 10240
fn=__gnu_cxx::__alloc_traits<std::allocator<std::vector<int, std::allocator<int> > >, std::vector<int, std::allocator<int> > >::_S_select_on_copy(std::allocator<std::vector<int, std::allocator<int> > > const&)
0 40
fn=__gnu_cxx::__enable_if<std::__is_scalar<int>::__value, void>::__type std::__fill_a1<int*, int>(int*, int*, int const&)
0 1383936
fn=__gnu_cxx::__normal_iterator<int const*, std::vector<int, std::allocator<int> > > std::__miter_base<__gnu_cxx::__normal_iterator<int const*, std::vector<int, std::allocator<int> > > >(__gnu_cxx::__normal_iterator<int const*, std::vector<int, std::allocator<int> > >)
0 7168
fn=__gnu_cxx::__normal_iterator<int const*, std::vector<int, std::allocator<int> > >::__normal_iterator(int const* const&)
0 12288
fn=__gnu_cxx::__normal_iterator<int const*, std::vector<int, std::allocator<int> > >::base() const
0 7168
fn=__gnu_cxx::__normal_iterator<std::vector<int, std::allocator<int> > const*, std::vector<std::vector<int, std::allocator<int> >, std::allocator<std::vector<int, std::allocator<int> > > > >::__normal_iterator(std::vector<int, std::allocator<int> > const* const&)
0 48
fn=__gnu_cxx::__normal_iterator<std::vector<int, std::allocator<int> > const*, std::vector<std::vector<int, std::allocator<int> >, std::allocator<std::vector<int, std::allocator<int> > > > >::base() const
0 7196
fn=__gnu_cxx::__normal_iterator<std::vector<int, std::allocator<int> > const*, std::vector<std::vector<int, std::allocator<int> >, std::allocator<std::vector<int, std::allocator<int> > > > >::operator*() const
0 4096
fn=__gnu_cxx::__normal_iterator<std::vector<int, std::allocator<int> > const*, std::vector<std::vector<int, std::allocator<int> >, std::allocator<std::vector<int, std::allocator<int> > > > >::operator++()
0 6144
fn=__gnu_cxx::new_allocator<int>::_M_max_size() const
0 30464
fn=__gnu_cxx::new_allocator<int>::allocate(unsigned long, void const*)
0 30720
fn=__gnu_cxx::new_allocator<int>::deallocate(int*, unsigned long)
0 19200
fn=__gnu_cxx::new_allocator<int>::max_size() const
0 30720
fn=__gnu_cxx::new_allocator<int>::new_allocator()
0 5376
fn=__gnu_cxx::new_allocator<int>::new_allocator(__gnu_cxx::new_allocator<int> const&)
0 8192
fn=__gnu_cxx::new_allocator<int>::~new_allocator()
0 12544
fn=__gnu_cxx::new_allocator<std::vector<int, std::allocator<int> > >::_M_max_size() const
0 77
fn=__gnu_cxx::new_allocator<std::vector<int, std::allocator<int> > >::allocate(unsigned long, void const*)
0 135
fn=__gnu_cxx::new_allocator<std::vector<int, std::allocator<int> > >::deallocate(std::vector<int, std::allocator<int> >*, unsigned long)
0 95
fn=__gnu_cxx::new_allocator<std::vector<int, std::allocator<int> > >::max_size() const
0 60
fn=__gnu_cxx::new_allocator<std::vector<int, std::allocator<int> > >::new_allocator()
0 21
fn=__gnu_cxx::new_allocator<std::vector<int, std::allocator<int> > >::new_allocator(__gnu_cxx::new_allocator<std::vector<int, std::allocator<int> > > const&)
0 64
fn=__gnu_cxx::new_allocator<std::vector<int, std::allocator<int> > >::~new_allocator()
0 77
fn=__gnu_cxx::stdio_sync_filebuf<char, std::char_traits<char> >::sync()
0 15
fn=__gnu_cxx::stdio_sync_filebuf<wchar_t, std::char_traits<wchar_t> >::sync()
0 15
fn=__static_initialization_and_destruction_0(int, int)
0 23
fn=block_matrix_multiplication(std::vector<std::vector<int, std::allocator<int> >, std::allocator<std::vector<int, std::allocator<int> > > >, std::vector<std::vector<int, std::allocator<int> >, std::allocator<std::vector<int, std::allocator<int> > > >, int)
0 962242861
fn=bool __gnu_cxx::operator!=<std::vector<int, std::allocator<int> > const*, std::vector<std::vector<int, std::allocator<int> >, std::allocator<std::vector<int, std::allocator<int> > > > >(__gnu_cxx::__normal_iterator<std::vector<int, std::allocator<int> > const*, std::vector<std::vector<int, std::allocator<int> >, std::allocator<std::vector<int, std::allocator<int> > > > > const&, __gnu_cxx::__normal_iterator<std::vector<int, std::allocator<int> > const*, std::vector<std::vector<int, std::allocator<int> >, std::allocator<std::vector<int, std::allocator<int> > > > > const&)
0 10280
fn=bool std::has_facet<std::ctype<char> >(std::locale const&)
0 12
fn=bool std::has_facet<std::ctype<wchar_t> >(std::locale const&)
0 12
fn=bool std::has_facet<std::num_get<char, std::istreambuf_iterator<char, std::char_traits<char> > > >(std::locale const&)
0 12
fn=bool std::has_facet<std::num_get<wchar_t, std::istreambuf_iterator<wchar_t, std::char_traits<wchar_t> > > >(std::locale const&)
0 12
fn=bool std::has_facet<std::num_put<char, std::ostreambuf_iterator<char, std::char_traits<char> > > >(std::locale const&)
0 12
fn=bool std::has_facet<std::num_put<wchar_t, std::ostreambuf_iterator<wchar_t, std::char_traits<wchar_t> > > >(std::locale const&)
0 12
fn=create_random_mat(int, int)
0 3811914
fn=int const& std::min<int>(int const&, int const&)
0 238579824
fn=int const* std::__niter_base<int const*, std::vector<int, std::allocator<int> > >(__gnu_cxx::__normal_iterator<int const*, std::vector<int, std::allocator<int> > >)
0 11264
fn=int* std::__addressof<int>(int&)
0 5376
fn=int* std::__copy_move<false, true, std::random_access_iterator_tag>::__copy_m<int>(int const*, int const*, int*)
0 13312
fn=int* std::__copy_move_a1<false, int const*, int*>(int const*, int const*, int*)
0 7680
fn=int* std::__copy_move_a2<false, int const*, int*>(int const*, int const*, int*)
0 7680
fn=int* std::__copy_move_a<false, __gnu_cxx::__normal_iterator<int const*, std::vector<int, std::allocator<int> > >, int*>(__gnu_cxx::__normal_iterator<int const*, std::vector<int, std::allocator<int> > >, __gnu_cxx::__normal_iterator<int const*, std::vector<int, std::allocator<int> > >, int*)
0 17408
fn=int* std::__fill_n_a<int*, unsigned long, int>(int*, unsigned long, int const&, std::random_access_iterator_tag)
0 18432
fn=int* std::__niter_base<int*>(int*)
0 19712
fn=int* std::__niter_wrap<int*>(int* const&, int*)
0 4096
fn=int* std::__relocate_a<int*, int*, std::allocator<int> >(int*, int*, int*, std::allocator<int>&)
0 24576
fn=int* std::__uninitialized_copy<true>::__uninit_copy<__gnu_cxx::__normal_iterator<int const*, std::vector<int, std::allocator<int> > >, int*>(__gnu_cxx::__normal_iterator<int const*, std::vector<int, std::allocator<int> > >, __gnu_cxx::__normal_iterator<int const*, std::vector<int, std::allocator<int> > >, int*)
0 7680
fn=int* std::__uninitialized_copy_a<__gnu_cxx::__normal_iterator<int const*, std::vector<int, std::allocator<int> > >, int*, int>(__gnu_cxx::__normal_iterator<int const*, std::vector<int, std::allocator<int> > >, __gnu_cxx::__normal_iterator<int const*, std::vector<int, std::allocator<int> > >, int*, std::allocator<int>&)
0 8192
fn=int* std::__uninitialized_default_n<int*, unsigned long>(int*, unsigned long)
0 10752
fn=int* std::__uninitialized_default_n_1<true>::__uninit_default_n<int*, unsigned long>(int*, unsigned long)
0 20736
fn=int* std::__uninitialized_default_n_a<int*, unsigned long, int>(int*, unsigned long, std::allocator<int>&)
0 10752
fn=int* std::copy<__gnu_cxx::__normal_iterator<int const*, std::vector<int, std::allocator<int> > >, int*>(__gnu_cxx::__normal_iterator<int const*, std::vector<int, std::allocator<int> > >, __gnu_cxx::__normal_iterator<int const*, std::vector<int, std::allocator<int> > >, int*)
0 12288
fn=int* std::fill_n<int*, unsigned long, int>(int*, unsigned long, int const&)
0 16128
fn=int* std::uninitialized_copy<__gnu_cxx::__normal_iterator<int const*, std::vector<int, std::allocator<int> > >, int*>(__gnu_cxx::__normal_iterator<int const*, std::vector<int, std::allocator<int> > >, __gnu_cxx::__normal_iterator<int const*, std::vector<int, std::allocator<int> > >, int*)
0 8192
fn=main
0 64
fn=operator delete(void*)
0 2570
fn=operator delete(void*, unsigned long)
0 2570
fn=operator new(unsigned long)
0 15420
fn=operator new(unsigned long, void*)
0 16384
fn=std::_Vector_base<int, std::allocator<int> >::_M_allocate(unsigned long)
0 20480
fn=std::_Vector_base<int, std::allocator<int> >::_M_create_storage(unsigned long)
0 13824
fn=std::_Vector_base<int, std::allocator<int> >::_M_deallocate(int*, unsigned long)
0 32256
fn=std::_Vector_base<int, std::allocator<int> >::_M_get_Tp_allocator()
0 23296
fn=std::_Vector_base<int, std::allocator<int> >::_M_get_Tp_allocator() const
0 25088
fn=std::_Vector_base<int, std::allocator<int> >::_Vector_base()
0 8448
fn=std::_Vector_base<int, std::allocator<int> >::_Vector_base(unsigned long, std::allocator<int> const&)
0 11264
fn=std::_Vector_base<int, std::allocator<int> >::_Vector_impl::_Vector_impl()
0 10752
fn=std::_Vector_base<int, std::allocator<int> >::_Vector_impl::_Vector_impl(std::allocator<int> const&)
0 8704
fn=std::_Vector_base<int, std::allocator<int> >::_Vector_impl::~_Vector_impl()
0 14080
fn=std::_Vector_base<int, std::allocator<int> >::_Vector_impl_data::_Vector_impl_data()
0 16640
fn=std::_Vector_base<int, std::allocator<int> >::~_Vector_base()
0 32000
fn=std::_Vector_base<std::vector<int, std::allocator<int> >, std::allocator<std::vector<int, std::allocator<int> > > >::_M_allocate(unsigned long)
0 80
fn=std::_Vector_base<std::vector<int, std::allocator<int> >, std::allocator<std::vector<int, std::allocator<int> > > >::_M_create_storage(unsigned long)
0 120
fn=std::_Vector_base<std::vector<int, std::allocator<int> >, std::allocator<std::vector<int, std::allocator<int> > > >::_M_deallocate(std::vector<int, std::allocator<int> >*, unsigned long)
0 102
fn=std::_Vector_base<std::vector<int, std::allocator<int> >, std::allocator<std::vector<int, std::allocator<int> > > >::_M_get_Tp_allocator()
0 77
fn=std::_Vector_base<std::vector<int, std::allocator<int> >, std::allocator<std::vector<int, std::allocator<int> > > >::_M_get_Tp_allocator() const
0 42
fn=std::_Vector_base<std::vector<int, std::allocator<int> >, std::allocator<std::vector<int, std::allocator<int> > > >::_Vector_base()
0 11
fn=std::_Vector_base<std::vector<int, std::allocator<int> >, std::allocator<std::vector<int, std::allocator<int> > > >::_Vector_base(unsigned long, std::allocator<std::vector<int, std::allocator<int> > > const&)
0 88
fn=std::_Vector_base<std::vector<int, std::allocator<int> >, std::allocator<std::vector<int, std::allocator<int> > > >::_Vector_impl::_Vector_impl()
0 14
fn=std::_Vector_base<std::vector<int, std::allocator<int> >, std::allocator<std::vector<int, std::allocator<int> > > >::_Vector_impl::_Vector_impl(std::allocator<std::vector<int, std::allocator<int> > > const&)
0 68
fn=std::_Vector_base<std::vector<int, std::allocator<int> >, std::allocator<std::vector<int, std::allocator<int> > > >::_Vector_impl::~_Vector_impl()
0 55
fn=std::_Vector_base<std::vector<int, std::allocator<int> >, std::allocator<std::vector<int, std::allocator<int> > > >::_Vector_impl_data::_Vector_impl_data()
0 65
fn=std::_Vector_base<std::vector<int, std::allocator<int> >, std::allocator<std::vector<int, std::allocator<int> > > >::~_Vector_base()
0 140
fn=std::__cxx11::messages<char>::messages(unsigned long)
0 20
fn=std::__cxx11::messages<wchar_t>::messages(unsigned long)
0 20
fn=std::__cxx11::moneypunct<char, false>::_M_initialize_moneypunct(__locale_struct*, char const*)
0 113
fn=std::__cxx11::moneypunct<char, true>::_M_initialize_moneypunct(__locale_struct*, char const*)
0 113
fn=std::__cxx11::moneypunct<wchar_t, false>::_M_initialize_moneypunct(__locale_struct*, char const*)
0 109
fn=std::__cxx11::moneypunct<wchar_t, true>::_M_initialize_moneypunct(__locale_struct*, char const*)
0 109
fn=std::__cxx11::numpunct<char>::_M_initialize_numpunct(__locale_struct*)
0 414
fn=std::__cxx11::numpunct<wchar_t>::_M_initialize_numpunct(__locale_struct*)
0 350
fn=std::__size_to_integer(unsigned long)
0 5376
fn=std::__timepunct<char>::_M_initialize_timepunct(__locale_struct*)
0 149
fn=std::__timepunct<char>::__timepunct(std::__timepunct_cache<char>*, unsigned long)
0 23
fn=std::__timepunct<wchar_t>::_M_initialize_timepunct(__locale_struct*)
0 149
fn=std::__timepunct<wchar_t>::__timepunct(std::__timepunct_cache<wchar_t>*, unsigned long)
0 23
fn=std::allocator<int>::allocator()
0 8448
fn=std::allocator<int>::allocator(std::allocator<int> const&)
0 14336
fn=std::allocator<int>::~allocator()
0 19712
fn=std::allocator<std::vector<int, std::allocator<int> > >::allocator()
0 33
fn=std::allocator<std::vector<int, std::allocator<int> > >::allocator(std::allocator<std::vector<int, std::allocator<int> > > const&)
0 112
fn=std::allocator<std::vector<int, std::allocator<int> > >::~allocator()
0 121
fn=std::allocator_traits<std::allocator<int> >::allocate(std::allocator<int>&, unsigned long)
0 17920
fn=std::allocator_traits<std::allocator<int> >::deallocate(std::allocator<int>&, int*, unsigned long)
0 20480
fn=std::allocator_traits<std::allocator<int> >::max_size(std::allocator<int> const&)
0 30720
fn=std::allocator_traits<std::allocator<int> >::select_on_container_copy_construction(std::allocator<int> const&)
0 7168
fn=std::allocator_traits<std::allocator<std::vector<int, std::allocator<int> > > >::allocate(std::allocator<std::vector<int, std::allocator<int> > >&, unsigned long)
0 70
fn=std::allocator_traits<std::allocator<std::vector<int, std::allocator<int> > > >::deallocate(std::allocator<std::vector<int, std::allocator<int> > >&, std::vector<int, std::allocator<int> >*, unsigned long)
0 80
fn=std::allocator_traits<std::allocator<std::vector<int, std::allocator<int> > > >::max_size(std::allocator<std::vector<int, std::allocator<int> > > const&)
0 60
fn=std::allocator_traits<std::allocator<std::vector<int, std::allocator<int> > > >::select_on_container_copy_construction(std::allocator<std::vector<int, std::allocator<int> > > const&)
0 28
fn=std::basic_ios<char, std::char_traits<char> >::_M_cache_locale(std::locale const&)
0 124
fn=std::basic_ios<char, std::char_traits<char> >::init(std::basic_streambuf<char, std::char_traits<char> >*)
0 92
fn=std::basic_ios<wchar_t, std::char_traits<wchar_t> >::_M_cache_locale(std::locale const&)
0 124
fn=std::basic_ios<wchar_t, std::char_traits<wchar_t> >::init(std::basic_streambuf<wchar_t, std::char_traits<wchar_t> >*)
0 92
fn=std::basic_ostream<wchar_t, std::char_traits<wchar_t> >::flush()
0 162
fn=std::basic_ostream<wchar_t, std::char_traits<wchar_t> >::sentry::sentry(std::basic_ostream<wchar_t, std::char_traits<wchar_t> >&)
0 99
fn=std::codecvt<char, char, __mbstate_t>::codecvt(unsigned long)
0 18
fn=std::codecvt<wchar_t, char, __mbstate_t>::codecvt(unsigned long)
0 18
fn=std::ctype<char> const& std::use_facet<std::ctype<char> >(std::locale const&)
0 44
fn=std::ctype<char>::ctype(unsigned short const*, bool, unsigned long)
0 116
fn=std::ctype<wchar_t> const& std::use_facet<std::ctype<wchar_t> >(std::locale const&)
0 44
fn=std::ctype<wchar_t>::_M_convert_to_wmask(unsigned short) const
0 146
fn=std::ctype<wchar_t>::_M_initialize_ctype()
0 2733
fn=std::ctype<wchar_t>::ctype(unsigned long)
0 20
fn=std::enable_if<std::__is_bitwise_relocatable<int, void>::value, int*>::type std::__relocate_a_1<int, int>(int*, int*, int*, std::allocator<int>&)
0 15360
fn=std::error_category::error_category()
0 10
fn=std::error_category::~error_category()
0 4
fn=std::future_category()
0 3
fn=std::ios_base::Init::Init()
0 273
fn=std::ios_base::Init::~Init()
0 25
fn=std::ios_base::_M_init()
0 208
fn=std::ios_base::ios_base()
0 464
fn=std::iterator_traits<int*>::iterator_category std::__iterator_category<int*>(int* const&)
0 4608
fn=std::locale::_Impl::_Impl(unsigned long)
0 666
fn=std::locale::_Impl::_M_install_facet(std::locale::id const*, std::locale::facet const*)
0 12128
fn=std::locale::facet::_S_create_c_locale(__locale_struct*&, char const*, __locale_struct*)
0 10
fn=std::locale::facet::_S_get_c_locale()
0 126
fn=std::locale::facet::_S_get_c_name()
0 21
fn=std::locale::id::_M_id() const
0 948
fn=std::locale::locale()
0 374
fn=std::locale::locale(std::locale::_Impl*)
0 3
fn=std::locale::operator=(std::locale const&)
0 160
fn=std::locale::~locale()
0 64
fn=std::messages<char>::messages(unsigned long)
0 20
fn=std::messages<wchar_t>::messages(unsigned long)
0 20
fn=std::moneypunct<char, false>::_M_initialize_moneypunct(__locale_struct*, char const*)
0 113
fn=std::moneypunct<char, true>::_M_initialize_moneypunct(__locale_struct*, char const*)
0 113
fn=std::moneypunct<wchar_t, false>::_M_initialize_moneypunct(__locale_struct*, char const*)
0 109
fn=std::moneypunct<wchar_t, true>::_M_initialize_moneypunct(__locale_struct*, char const*)
0 109
fn=std::num_get<char, std::istreambuf_iterator<char, std::char_traits<char> > > const& std::use_facet<std::num_get<char, std::istreambuf_iterator<char, std::char_traits<char> > > >(std::locale const&)
0 44
fn=std::num_get<wchar_t, std::istreambuf_iterator<wchar_t, std::char_traits<wchar_t> > > const& std::use_facet<std::num_get<wchar_t, std::istreambuf_iterator<wchar_t, std::char_traits<wchar_t> > > >(std::locale const&)
0 44
fn=std::num_put<char, std::ostreambuf_iterator<char, std::char_traits<char> > > const& std::use_facet<std::num_put<char, std::ostreambuf_iterator<char, std::char_traits<char> > > >(std::locale const&)
0 44
fn=std::num_put<wchar_t, std::ostreambuf_iterator<wchar_t, std::char_traits<wchar_t> > > const& std::use_facet<std::num_put<wchar_t, std::ostreambuf_iterator<wchar_t, std::char_traits<wchar_t> > > >(std::locale const&)
0 44
fn=std::numpunct<char>::_M_initialize_numpunct(__locale_struct*)
0 414
fn=std::numpunct<wchar_t>::_M_initialize_numpunct(__locale_struct*)
0 350
fn=std::ostream::flush()
0 162
fn=std::ostream::sentry::sentry(std::ostream&)
0 99
fn=std::uncaught_exception()
0 16
fn=std::vector<int, std::allocator<int> > const& std::forward<std::vector<int, std::allocator<int> > const&>(std::remove_reference<std::vector<int, std::allocator<int> > const&>::type&)
0 3584
fn=std::vector<int, std::allocator<int> >* std::__addressof<std::vector<int, std::allocator<int> > >(std::vector<int, std::allocator<int> >&)
0 17920
fn=std::vector<int, std::allocator<int> >* std::__niter_base<std::vector<int, std::allocator<int> >*>(std::vector<int, std::allocator<int> >*)
0 21
fn=std::vector<int, std::allocator<int> >* std::__relocate_a<std::vector<int, std::allocator<int> >*, std::vector<int, std::allocator<int> >*, std::allocator<std::vector<int, std::allocator<int> > > >(std::vector<int, std::allocator<int> >*, std::vector<int, std::allocator<int> >*, std::vector<int, std::allocator<int> >*, std::allocator<std::vector<int, std::allocator<int> > >&)
0 32
fn=std::vector<int, std::allocator<int> >* std::__relocate_a_1<std::vector<int, std::allocator<int> >*, std::vector<int, std::allocator<int> >*, std::allocator<std::vector<int, std::allocator<int> > > >(std::vector<int, std::allocator<int> >*, std::vector<int, std::allocator<int> >*, std::vector<int, std::allocator<int> >*, std::allocator<std::vector<int, std::allocator<int> > >&)
0 19
fn=std::vector<int, std::allocator<int> >* std::__uninitialized_copy<false>::__uninit_copy<__gnu_cxx::__normal_iterator<std::vector<int, std::allocator<int> > const*, std::vector<std::vector<int, std::allocator<int> >, std::allocator<std::vector<int, std::allocator<int> > > > >, std::vector<int, std::allocator<int> >*>(__gnu_cxx::__normal_iterator<std::vector<int, std::allocator<int> > const*, std::vector<std::vector<int, std::allocator<int> >, std::allocator<std::vector<int, std::allocator<int> > > > >, __gnu_cxx::__normal_iterator<std::vector<int, std::allocator<int> > const*, std::vector<std::vector<int, std::allocator<int> >, std::allocator<std::vector<int, std::allocator<int> > > > >, std::vector<int, std::allocator<int> >*)
0 10798
fn=std::vector<int, std::allocator<int> >* std::__uninitialized_copy_a<__gnu_cxx::__normal_iterator<std::vector<int, std::allocator<int> > const*, std::vector<std::vector<int, std::allocator<int> >, std::allocator<std::vector<int, std::allocator<int> > > > >, std::vector<int, std::allocator<int> >*, std::vector<int, std::allocator<int> > >(__gnu_cxx::__normal_iterator<std::vector<int, std::allocator<int> > const*, std::vector<std::vector<int, std::allocator<int> >, std::allocator<std::vector<int, std::allocator<int> > > > >, __gnu_cxx::__normal_iterator<std::vector<int, std::allocator<int> > const*, std::vector<std::vector<int, std::allocator<int> >, std::allocator<std::vector<int, std::allocator<int> > > > >, std::vector<int, std::allocator<int> >*, std::allocator<std::vector<int, std::allocator<int> > >&)
0 32
fn=std::vector<int, std::allocator<int> >* std::__uninitialized_default_n<std::vector<int, std::allocator<int> >*, unsigned long>(std::vector<int, std::allocator<int> >*, unsigned long)
0 42
fn=std::vector<int, std::allocator<int> >* std::__uninitialized_default_n_1<false>::__uninit_default_n<std::vector<int, std::allocator<int> >*, unsigned long>(std::vector<int, std::allocator<int> >*, unsigned long)
0 6954
fn=std::vector<int, std::allocator<int> >* std::__uninitialized_default_n_a<std::vector<int, std::allocator<int> >*, unsigned long, std::vector<int, std::allocator<int> > >(std::vector<int, std::allocator<int> >*, unsigned long, std::allocator<std::vector<int, std::allocator<int> > >&)
0 42
fn=std::vector<int, std::allocator<int> >* std::uninitialized_copy<__gnu_cxx::__normal_iterator<std::vector<int, std::allocator<int> > const*, std::vector<std::vector<int, std::allocator<int> >, std::allocator<std::vector<int, std::allocator<int> > > > >, std::vector<int, std::allocator<int> >*>(__gnu_cxx::__normal_iterator<std::vector<int, std::allocator<int> > const*, std::vector<std::vector<int, std::allocator<int> >, std::allocator<std::vector<int, std::allocator<int> > > > >, __gnu_cxx::__normal_iterator<std::vector<int, std::allocator<int> > const*, std::vector<std::vector<int, std::allocator<int> >, std::allocator<std::vector<int, std::allocator<int> > > > >, std::vector<int, std::allocator<int> >*)
0 32
fn=std::vector<int, std::allocator<int> >::_M_check_len(unsigned long, char const*) const
0 44544
fn=std::vector<int, std::allocator<int> >::_M_default_append(unsigned long)
0 84480
fn=std::vector<int, std::allocator<int> >::_S_do_relocate(int*, int*, int*, std::allocator<int>&, std::integral_constant<bool, true>)
0 12288
fn=std::vector<int, std::allocator<int> >::_S_max_size(std::allocator<int> const&)
0 76800
fn=std::vector<int, std::allocator<int> >::_S_relocate(int*, int*, int*, std::allocator<int>&)
0 12288
fn=std::vector<int, std::allocator<int> >::begin() const
0 9728
fn=std::vector<int, std::allocator<int> >::end() const
0 10240
fn=std::vector<int, std::allocator<int> >::max_size() const
0 36864
fn=std::vector<int, std::allocator<int> >::operator[](unsigned long)
0 606339072
fn=std::vector<int, std::allocator<int> >::resize(unsigned long)
0 21504
fn=std::vector<int, std::allocator<int> >::size() const
0 935194
fn=std::vector<int, std::allocator<int> >::vector()
0 8448
fn=std::vector<int, std::allocator<int> >::vector(std::vector<int, std::allocator<int> > const&)
0 32256
fn=std::vector<int, std::allocator<int> >::~vector()
0 28160
fn=std::vector<std::vector<int, std::allocator<int> >, std::allocator<std::vector<int, std::allocator<int> > > >::_M_check_len(unsigned long, char const*) const
0 58
fn=std::vector<std::vector<int, std::allocator<int> >, std::allocator<std::vector<int, std::allocator<int> > > >::_M_default_append(unsigned long)
0 129
fn=std::vector<std::vector<int, std::allocator<int> >, std::allocator<std::vector<int, std::allocator<int> > > >::_M_default_initialize(unsigned long)
0 42
fn=std::vector<std::vector<int, std::allocator<int> >, std::allocator<std::vector<int, std::allocator<int> > > >::_S_check_init_len(unsigned long, std::allocator<std::vector<int, std::allocator<int> > > const&)
0 64
fn=std::vector<std::vector<int, std::allocator<int> >, std::allocator<std::vector<int, std::allocator<int> > > >::_S_do_relocate(std::vector<int, std::allocator<int> >*, std::vector<int, std::allocator<int> >*, std::vector<int, std::allocator<int> >*, std::allocator<std::vector<int, std::allocator<int> > >&, std::integral_constant<bool, true>)
0 16
fn=std::vector<std::vector<int, std::allocator<int> >, std::allocator<std::vector<int, std::allocator<int> > > >::_S_max_size(std::allocator<std::vector<int, std::allocator<int> > > const&)
0 150
fn=std::vector<std::vector<int, std::allocator<int> >, std::allocator<std::vector<int, std::allocator<int> > > >::_S_relocate(std::vector<int, std::allocator<int> >*, std::vector<int, std::allocator<int> >*, std::vector<int, std::allocator<int> >*, std::allocator<std::vector<int, std::allocator<int> > >&)
0 16
fn=std::vector<std::vector<int, std::allocator<int> >, std::allocator<std::vector<int, std::allocator<int> > > >::begin() const
0 38
fn=std::vector<std::vector<int, std::allocator<int> >, std::allocator<std::vector<int, std::allocator<int> > > >::end() const
0 40
fn=std::vector<std::vector<int, std::allocator<int> >, std::allocator<std::vector<int, std::allocator<int> > > >::max_size() const
0 48
fn=std::vector<std::vector<int, std::allocator<int> >, std::allocator<std::vector<int, std::allocator<int> > > >::operator[](unsigned long)
0 758926110
fn=std::vector<std::vector<int, std::allocator<int> >, std::allocator<std::vector<int, std::allocator<int> > > >::resize(unsigned long)
0 28
fn=std::vector<std::vector<int, std::allocator<int> >, std::allocator<std::vector<int, std::allocator<int> > > >::size() const
0 4288
fn=std::vector<std::vector<int, std::allocator<int> >, std::allocator<std::vector<int, std::allocator<int> > > >::vector()
0 11
fn=std::vector<std::vector<int, std::allocator<int> >, std::allocator<std::vector<int, std::allocator<int> > > >::vector(std::vector<std::vector<int, std::allocator<int> >, std::allocator<std::vector<int, std::allocator<int> > > > const&)
0 126
fn=std::vector<std::vector<int, std::allocator<int> >, std::allocator<std::vector<int, std::allocator<int> > > >::vector(unsigned long, std::allocator<std::vector<int, std::allocator<int> > > const&)
0 58
fn=std::vector<std::vector<int, std::allocator<int> >, std::allocator<std::vector<int, std::allocator<int> > > >::~vector()
0 110
fn=unsigned long const& std::max<unsigned long>(unsigned long const&, unsigned long const&)
0 11535
fn=unsigned long const& std::min<unsigned long>(unsigned long const&, unsigned long const&)
0 43092
fn=void std::_Construct<int>(int*)
0 9984
fn=void std::_Construct<std::vector<int, std::allocator<int> >, std::vector<int, std::allocator<int> > const&>(std::vector<int, std::allocator<int> >*, std::vector<int, std::allocator<int> > const&)
0 14336
fn=void std::_Construct<std::vector<int, std::allocator<int> >>(std::vector<int, std::allocator<int> >*)
0 13056
fn=void std::_Destroy<int*, int>(int*, int*, std::allocator<int>&)
0 19200
fn=void std::_Destroy<int*>(int*, int*)
0 17920
fn=void std::_Destroy<std::vector<int, std::allocator<int> > >(std::vector<int, std::allocator<int> >*)
0 14080
fn=void std::_Destroy<std::vector<int, std::allocator<int> >*, std::vector<int, std::allocator<int> > >(std::vector<int, std::allocator<int> >*, std::vector<int, std::allocator<int> >*, std::allocator<std::vector<int, std::allocator<int> > >&)
0 75
fn=void std::_Destroy<std::vector<int, std::allocator<int> >*>(std::vector<int, std::allocator<int> >*, std::vector<int, std::allocator<int> >*)
0 70
fn=void std::_Destroy_aux<false>::__destroy<std::vector<int, std::allocator<int> >*>(std::vector<int, std::allocator<int> >*, std::vector<int, std::allocator<int> >*)
0 11590
fn=void std::_Destroy_aux<true>::__destroy<int*>(int*, int*)
0 10240
fn=void std::__fill_a<int*, int>(int*, int*, int const&)
0 12288
summary: 2584395863
